BX = 000 Event : 1
0x00 0000001|0000000|00111110111101100|00001101|0011100111|000001010  0x00803EF6069CE0A
0x01 0000001|0000010|00110011110100110|00010100|0010110000|000001111  0x008233D30A1600F
0x02 0000001|0000011|00110100100011000|10111101|0001110011|111010101  0x0083348C5E8E7D5
0x03 0000001|0000100|00110101000111100|10110001|0001111001|111000101  0x0084351E588F3C5
0x04 0000001|0000101|00110110011110010|00011000|0000101111|000001000  0x008536790C05E08
BX = 001 Event : 2
0x00 0000001|0000000|00111011101010010|01001100|0011010101|000111110  0x00803BA9261AA3E
0x01 0000001|0000001|00111000111011100|01001010|0011100011|000111001  0x008138EE251C639
BX = 010 Event : 3
0x00 0000001|0000001|00111011001001110|10110010|0001110110|111000000  0x00813B27590EDC0
0x01 0000001|0000010|00101010110111000|11001111|1111100011|111010111  0x00822ADC67FC7D7
0x02 0000001|0000011|00101011001101110|11001110|1111100111|111010110  0x00832B37677CFD6
BX = 011 Event : 4
0x00 0000001|0000010|00111000010110000|11010011|0010100101|111011101  0x008238586994BDD
0x01 0000001|0000101|00110001100100010|01101110|0001010011|001001010  0x00853191370A64A
0x02 0000001|0001001|00110011011010010|11100101|0001100011|111100100  0x00893369728C7E4
0x03 0000001|0001010|00110011101111100|11100110|0001100110|111100110  0x008A33BE730CDE6
0x04 0000001|0001100|00111101110000100|11111110|0010110000|111111100  0x008C3DC27F161FC
0x05 0000001|0001101|00100110111101100|11110101|1111001001|111110111  0x008D26F67AF93F7
0x06 0000001|0001110|00101001101001000|11111101|1111011110|000000000  0x008E29A47EFBC00
0x07 0000001|0010000|00110011011010100|00110100|0001000010|000100001  0x0090336A1A08421
0x08 0000001|0010001|00111111110011110|00110111|0010100100|000100101  0x00913FCF1B94825
0x09 0000001|0010010|00111101101111010|00111000|0010010011|000100101  0x00923DBD1C12625
0x0a 0000001|0010011|00100011111100100|01111101|1111000111|001011110  0x009323F23EF8E5E
0x0b 0000001|0010100|00100110001101010|01111110|1111011110|001011110  0x009426353F7BC5E
0x0c 0000001|0010101|00101011100111110|11111011|1111110111|111111111  0x00952B9F7DFEFFF
0x0d 0000001|0010110|00101101111110010|00000011|0000001001|000000110  0x00962DF90181206
0x0e 0000001|0010111|00100110001101100|00010111|1111001110|000011010  0x009726360BF9C1A
0x0f 0000001|0011000|00100011000100010|00011101|1110110111|000011111  0x009823110EF6E1F
0x10 0000001|0011001|00110011110010110|11101011|0001000010|111101010  0x009933CB75885EA
0x11 0000001|0011010|00101100000000000|00000000|0000000111|111111101  0x009A2C000000FFD
0x12 0000001|0011011|00101000110111000|00000110|1111101111|000000011  0x009B28DC037DE03
0x13 0000001|0011100|00101100000000000|00001010|0000000111|000000110  0x009C2C000500E06
0x14 0000001|0011101|00110001100101010|00011010|0000110001|000010101  0x009D31950D06215
0x15 0000001|0100011|00111100111011010|11110011|0001110000|000000010  0x00A33CED798E002
BX = 100 Event : 5
0x00 0000001|0000001|00101110010101100|11010111|0000111000|111011000  0x00812E566B871D8
0x01 0000001|0000010|00101100011100100|00000001|0000101001|000000010  0x00822C720085202
0x02 0000001|0000100|00101111010011000|11110001|0001000001|111111001  0x00842F4C78883F9
0x03 0000001|0000101|00101101110110100|11110000|0000110011|111111000  0x00852DDA78067F8
0x04 0000001|0000110|00101110100101010|11110000|0000111010|111111000  0x00862E9578075F8
0x05 0000001|0000111|00111100000101110|11101101|0010111111|111110100  0x00873C177697FF4
0x06 0000001|0001000|00100111011001110|11010111|1111000010|111101011  0x008827676BF85EB
BX = 101 Event : 6
BX = 110 Event : 7
0x00 0000001|0000000|00110111010100110|10110011|0011110000|111001101  0x00803753599E1CD
0x01 0000001|0000100|00101001011110110|00010111|0000011000|000010011  0x0084297B0B83013
0x02 0000001|0000101|00110000000111110|11110110|0001110101|111110101  0x0085301F7B0EBF5
0x03 0000001|0000110|00111110110101110|00000010|0010111110|111111110  0x00863ED70117DFE
0x04 0000001|0001000|00101101101100010|00010010|0000010110|000010010  0x00882DB10902C12
0x05 0000001|0001001|00100010011011100|00001110|1110101000|000001101  0x0089226E077500D
0x06 0000001|0001011|00111000100100100|00000000|0001010000|000000000  0x008B3892000A000
BX = 111 Event : 8
0x00 0000001|0000000|00111011111111010|01101110|0100001010|001010111  0x00803BFD3721457
0x01 0000001|0000010|00101110111010110|00000111|0001010001|000000010  0x00822EEB038A202
0x02 0000001|0000011|00110000110111110|00001101|0001101111|000000010  0x008330DF068DE02
0x03 0000001|0000100|00101010001101110|00010110|0000100110|000000111  0x00842A370B04C07
0x04 0000001|0000101|00111100110101110|00000110|0010111110|000000000  0x00853CD70317C00
0x05 0000001|0000110|00101011011001000|11111011|0000010011|111110011  0x00862B647D827F3
BX = 000 Event : 9
0x00 0000001|0000000|00101010100000010|01100101|0000011001|001000010  0x00802A813283242
0x01 0000001|0000001|00101111101001000|00111000|0001000111|000100111  0x00812FA41C08E27
0x02 0000001|0000011|00111001111101110|10111001|0010110101|111001010  0x008339F75C96BCA
0x03 0000001|0000100|00110100111001110|10101110|0010000010|110111101  0x008434E757105BD
0x04 0000001|0000101|00110100110001010|10101110|0010000001|110111101  0x008534C557103BD
0x05 0000001|0000110|00110110010110010|10101101|0010010000|110111100  0x0086365956921BC
0x06 0000001|0000111|00110111000100010|11000000|0010011000|111010100  0x0087371160131D4
0x07 0000001|0001000|00111000011100010|11000000|0010100110|111010100  0x008838716014DD4
0x08 0000001|0001001|00111100100111110|11011011|0010001010|111011100  0x00893C9F6D915DC
0x09 0000001|0001010|00111011011000000|11100101|0001111110|111101000  0x008A3B60728FDE8
0x0a 0000001|0001011|00110011101001100|11011001|0000110010|111011010  0x008B33A66C865DA
BX = 001 Event : 10
0x00 0000001|0000001|00111100010010110|10111011|0010100100|111000101  0x00813C4B5D949C5
0x01 0000001|0000011|00101010011110000|00010011|1111011001|000010110  0x00832A7809FB216
0x02 0000001|0000101|00111101110101110|00001110|0010011001|000001111  0x00853DD7071320F
0x03 0000001|0000110|00111110001100100|00001001|0010011100|000001000  0x00863E320493808
0x04 0000001|0000111|00101100001000100|00110001|0000001010|000100100  0x00872C221881424
BX = 010 Event : 11
BX = 011 Event : 12
0x00 0000001|0000001|00110101010100110|11101000|0010010001|111110001  0x0081355374123F1
0x01 0000001|0000010|00110101101011000|11100100|0010010100|111101101  0x008235AC72129ED
BX = 100 Event : 13
0x00 0000001|0000010|00111101011000010|00101001|0001101101|000011010  0x00823D61148DA1A
0x01 0000001|0000011|00111111100101000|00100110|0010000011|000010111  0x00833F941310617
BX = 101 Event : 14
0x00 0000001|0000011|00110111010011100|10010111|0010100001|110101100  0x0083374E4B943AC
0x01 0000001|0000101|00101011111010000|10011111|0000110010|110110110  0x00852BE84F865B6
0x02 0000001|0000111|00111010011011100|10011011|0010111000|110110001  0x00873A6E4D971B1
0x03 0000001|0001011|00110010010110100|10100010|0001100101|110111010  0x008B325A510CBBA
0x04 0000001|0001111|00101010100001010|01110110|1111101101|001010001  0x008F2A853B7DA51
0x05 0000001|0010000|00110101001010000|11001011|0001010011|111011101  0x00903528658A7DD
0x06 0000001|0010001|00110000011001010|10110000|0000110000|111000100  0x0091306558061C4
0x07 0000001|0010010|00111111101101110|11001010|0010111010|111011100  0x00923FB765175DC
0x08 0000001|0010011|00110111100001010|10101010|0001111001|110111100  0x00933785550F3BC
BX = 110 Event : 15
BX = 111 Event : 16
0x00 0000001|0000000|00110110000011100|11011001|0011010111|111100110  0x0080360E6C9AFE6
0x01 0000001|0000001|00110101110011010|11011001|0011010101|111100101  0x008135CD6C9ABE5
0x02 0000001|0000010|00110101001001110|11010100|0011001111|111011111  0x008235276A19FDF
0x03 0000001|0000011|00110101001001110|11010010|0011001111|111011110  0x008335276919FDE
0x04 0000001|0000100|00111000010100110|11010001|0011101100|111011100  0x00843853689D9DC
0x05 0000001|0000101|00110111010010010|11010001|0011100100|111011100  0x00853749689C9DC
0x06 0000001|0001001|00111111101001000|11001100|0011010110|111011101  0x00893FA4661ADDD
0x07 0000001|0001010|00111011111000100|11001110|0010111010|111011111  0x008A3BE267175DF
0x08 0000001|0001011|00110111011011100|11000101|0010000110|111010101  0x008B376E6290DD5
0x09 0000001|0001100|00110011101100100|11000111|0001101010|111010111  0x008C33B2638D5D7
0x0a 0000001|0001101|00111001001110000|11000010|0010011000|111010001  0x008D393861131D1
0x0b 0000001|0001110|00110101011110110|11000100|0001111100|111010011  0x008E357B620F9D3
0x0c 0000001|0010000|00111010001100110|11000000|0010100001|111001111  0x00903A3360143CF
0x0d 0000001|0010010|00111100101010010|11000110|0010011010|111010110  0x00923CA963135D6
0x0e 0000001|0010011|00101101000010110|11000111|0000100000|111011000  0x00932D0B63841D8
0x0f 0000001|0010100|00101000110000000|11001010|1111111111|111011010  0x009428C0657FFDA
0x10 0000001|0010110|00110000010110000|11001110|0000111010|111011111  0x0096305867075DF
0x11 0000001|0010111|00111101011101110|10111111|0010100010|111001111  0x00973D775F945CF
0x12 0000001|0011000|00101101110101100|11000001|0000101000|111010000  0x00982DD660851D0
0x13 0000001|0011001|00101001100010110|11000100|0000000111|111010011  0x0099298B6200FD3
0x14 0000001|0011011|00110001001000110|11001000|0001000010|111010111  0x009B312364085D7
0x15 0000001|0011100|00100111110011100|11000000|1111101101|111001111  0x009C27CE607DBCF
0x16 0000001|0011110|00101011000101110|11000111|0000000111|111010110  0x009E2B176380FD6
0x17 0000001|0011111|00111001011010110|11000000|0001111011|111001111  0x009F396B600F7CF
0x18 0000001|0100000|00101011111000010|11000001|0000010101|111010000  0x00A02BE16082BD0
0x19 0000001|0100001|00101000001001100|11000100|1111111001|111010010  0x00A12826627F3D2
0x1a 0000001|0100011|00101110101111100|11001000|0000101011|111010110  0x00A32EBE64057D6
0x1b 0000001|0100100|00110110110110010|10111111|0001100010|111001110  0x00A436D95F8C5CE
0x1c 0000001|0100101|00101001010101000|11000001|1111111100|111010000  0x00A5295460FF9D0
0x1d 0000001|0100110|00100101100110010|11000011|1111100000|111010010  0x00A6259961FC1D2
0x1e 0000001|0101000|00101100001100100|11000111|0000010010|111010101  0x00A82C3263825D5
0x1f 0000001|0101001|00111010001101010|11000011|0001101100|111010000  0x00A93A35618D9D0
0x20 0000001|0101010|00100101011000100|11000011|1111001111|111010000  0x00AA256261F9FD0
BX = 000 Event : 17
0x00 0000001|0000001|00111100111010000|11110000|0011110011|111110000  0x00813CE8781E7F0
0x01 0000001|0000010|00111011110101100|11110001|0011101011|111110000  0x00823BD6789D7F0
BX = 001 Event : 18
BX = 010 Event : 19
0x00 0000001|0000100|00101111010000010|00101001|0000100001|000100111  0x00842F411484227
0x01 0000001|0000101|00101000000000110|01001110|1111000010|000111110  0x00852803277843E
0x02 0000001|0000110|00101000000000110|01001011|1111000010|000111011  0x0086280325F843B
0x03 0000001|0001000|00110101111110100|00001011|0000101111|111111101  0x008835FA0585FFD
0x04 0000001|0001001|00111010010000010|01011000|0001010000|001001000  0x00893A412C0A048
0x05 0000001|0001010|00111010010000010|01010110|0001010000|001000101  0x008A3A412B0A045
0x06 0000001|0001011|00111100001000110|00010001|0001101011|000000100  0x008B3C23088D604
0x07 0000001|0001100|00111110101011000|01010110|0001111110|001000101  0x008C3EAC2B0FC45
BX = 011 Event : 20
0x00 0000001|0000001|00101101111110100|00101000|0001100001|000011110  0x00812DFA140C21E
0x01 0000001|0000010|00110100010101100|10001110|0001110011|110111001  0x00823456470E7B9
0x02 0000001|0001001|00111111110100110|00100011|0001110110|000011010  0x00893FD3118EC1A
BX = 100 Event : 21
0x00 0000001|0000000|00101110101010010|11001010|0000101000|111010000  0x00802EA965051D0
0x01 0000001|0000001|00110101100001110|01100010|0001010010|001000100  0x00813587310A444
0x02 0000001|0000010|00110110000101010|01111000|0001010110|001011001  0x008236153C0AC59
0x03 0000001|0000011|00110111000000000|01100001|0001100001|001000010  0x00833700308C242
0x04 0000001|0000100|00110111111101010|01110111|0001101000|001011000  0x008437F53B8D058
0x05 0000001|0000101|00100110100011000|01110100|1110111101|001010100  0x0085268C3A77A54
0x06 0000001|0000110|00101000001010000|01110100|1111001101|001010100  0x008628283A79A54
0x07 0000001|0000111|00101111011101000|01101001|0000010101|001000111  0x00872F743482A47
0x08 0000001|0001000|00101111100011010|00001101|0000010001|111111110  0x00882F8D06823FE
BX = 101 Event : 22
0x00 0000001|0000011|00111011100001010|11110000|0011001000|111110100  0x00833B8578191F4
0x01 0000001|0000100|00101110001011110|00001011|0001100101|000000011  0x00842E2F058CA03
0x02 0000001|0000101|00111010110011100|00011111|0011000100|000010101  0x00853ACE0F98815
0x03 0000001|0000111|00101110001110000|11001101|0000101110|111010111  0x00872E386685DD7
0x04 0000001|0001110|00111110100110100|10101001|0010111110|111000010  0x008E3E9A5497DC2
0x05 0000001|0001111|00111100100010100|10100111|0010101110|111000000  0x008F3C8A5395DC0
0x06 0000001|0010010|00110111011100000|11011001|0010010001|111101101  0x009237706C923ED
0x07 0000001|0010011|00100111011010010|11000111|1111101010|111001111  0x0093276963FD5CF
0x08 0000001|0010100|00110100101111000|10011010|0001011000|110101110  0x009434BC4D0B1AE
0x09 0000001|0010101|00101011010110100|11100110|0000010001|111110101  0x00952B5A73023F5
0x0a 0000001|0010110|00100101101011010|11001011|1111011001|111010101  0x009625AD65FB3D5
BX = 110 Event : 23
0x00 0000001|0000011|00101101000111100|11111110|0000111111|111111110  0x00832D1E7F07FFE
0x01 0000001|0000100|00101101000111100|11111101|0000111111|111111110  0x00842D1E7E87FFE
0x02 0000001|0000111|00110101101101100|00001101|0010000000|000001100  0x008735B6069000C
0x03 0000001|0001001|00110101101101100|00001100|0010000000|000001011  0x008935B6061000B
0x04 0000001|0001011|00111100100000110|01001010|0010011100|000101011  0x008B3C83251382B
0x05 0000001|0001100|00111000000000100|11011100|0001110000|111101111  0x008C38026E0E1EF
0x06 0000001|0001101|00100110011001000|11000111|1111000011|111010101  0x008D266463F87D5
0x07 0000001|0001110|00101000000000010|11000110|1111010011|111010100  0x008E2801637A7D4
BX = 111 Event : 24
0x00 0000001|0000001|00110001010101010|00000011|0001110011|111111011  0x00813155018E7FB
0x01 0000001|0000010|00110011001010010|11111111|0010000101|111110110  0x008233297F90BF6
BX = 000 Event : 25
0x00 0000001|0000101|00110101011011010|11100000|0001100111|111110000  0x0085356D700CFF0
0x01 0000001|0000110|00101111001100000|10111011|0000111001|111001101  0x00862F305D873CD
0x02 0000001|0000111|00100110101000010|01001100|1111010111|000111110  0x008726A1267AE3E
0x03 0000001|0001000|00100101111110100|00110001|1111010001|000011101  0x008825FA18FA21D
0x04 0000001|0001001|00100110010010100|01100010|1111010011|001001101  0x0089264A317A64D
0x05 0000001|0001010|00101001000110010|00110000|1111101111|000011100  0x008A2919187DE1C
0x06 0000001|0001011|00101000101001110|01100100|1111101100|001001111  0x008B28A7327D84F
0x07 0000001|0001100|00110000110011110|00101000|0000100110|000011111  0x008C30CF1404C1F
BX = 001 Event : 26
0x00 0000001|0000010|00110101110101110|11010100|0011000011|111011101  0x008235D76A187DD
0x01 0000001|0000011|00101110001011110|11111100|0000001101|000000011  0x00832E2F7E01A03
BX = 010 Event : 27
0x00 0000001|0000000|00110101001010000|00001111|0011001110|000000111  0x008035280799C07
0x01 0000001|0000100|00101001011110000|11010101|1111110101|111100011  0x008429786AFEBE3
0x02 0000001|0000111|00111100110001010|00000011|0001101010|000000000  0x00873CC5018D400
0x03 0000001|0001001|00111011101011100|11111100|0001011111|111110110  0x00893BAE7E0BFF6
BX = 011 Event : 28
BX = 100 Event : 29
0x00 0000001|0000000|00111110111010010|10111111|0100100011|111010001  0x00803EE95FA47D1
0x01 0000001|0000001|00101000100010000|11110010|0000010000|111111010  0x0081288879021FA
0x02 0000001|0000010|00101000111101000|11101000|0000010100|111101110  0x008228F474029EE
0x03 0000001|0000011|00110010100111000|11110010|0001011111|111111010  0x0083329C790BFFA
0x04 0000001|0000101|00110101000100000|11110011|0001110111|111111100  0x00853510798EFFC
0x05 0000001|0000110|00101100010110000|11101101|0000100001|111110100  0x00862C5876843F4
0x06 0000001|0000111|00110001100001010|11101000|0001010100|111101110  0x00873185740A9EE
BX = 101 Event : 30
0x00 0000001|0000000|00110110101010110|00001001|0001111011|111111111  0x008036AB048F7FF
0x01 0000001|0000001|00110001100110010|00110101|0001010101|000101001  0x008131991A8AA29
0x02 0000001|0000010|00100111010100000|00000001|1111100011|111110110  0x0082275000FC7F6
0x03 0000001|0000011|00111000101000100|00010011|0001100110|000000111  0x008338A2098CC07
BX = 110 Event : 31
BX = 111 Event : 32
0x00 0000001|0000000|00110000010110010|11100100|0010000000|111100010  0x0080305972101E2
BX = 000 Event : 33
BX = 001 Event : 34
0x00 0000001|0000000|00111111101100000|00010011|0011100111|000000010  0x00803FB0099CE02
0x01 0000001|0000011|00110011101101000|11011000|0001100101|111100100  0x008333B46C0CBE4
0x02 0000001|0000100|00100110001001000|00100111|1111011110|000011010  0x0084262413FBC1A
0x03 0000001|0000101|00110010000100100|00001111|0000111000|000000001  0x008532120787001
0x04 0000001|0000110|00101100001011010|00100010|0000001010|000010100  0x00862C2D1101414
0x05 0000001|0000111|00100100111111000|00100011|1111010010|000010100  0x008724FC11FA414
0x06 0000001|0001000|00110000011111110|00100110|0000101100|000010111  0x0088307F1305817
0x07 0000001|0001001|00110010101000000|00110100|0000111101|000100101  0x008932A01A07A25
0x08 0000001|0001010|00110011110000110|00110110|0001000110|000100111  0x008A33C31B08C27
0x09 0000001|0001011|00101000110100000|00010101|1111011110|000001001  0x008B28D00AFBC09
0x0a 0000001|0001100|00100100000100110|00100110|1110111010|000011000  0x008C24131377418
0x0b 0000001|0001101|00100111111000110|00101001|1111010111|000011011  0x008D27E314FAE1B
0x0c 0000001|0001110|00101001110000110|00110101|1111100101|000100111  0x008E29C31AFCA27
0x0d 0000001|0001111|00101010010010100|00110111|1111101001|000101001  0x008F2A4A1BFD229
BX = 010 Event : 35
0x00 0000001|0000011|00111010101010000|00001010|0010100110|000000000  0x00833AA80514C00
0x01 0000001|0000100|00110011101110100|00111010|0001110000|000110000  0x008433BA1D0E030
0x02 0000001|0000101|00111010001100110|00001010|0010100010|000000000  0x00853A330514400
0x03 0000001|0000110|00110100001100000|00110100|0001110101|000101000  0x008634301A0EA28
0x04 0000001|0001000|00110000001011000|00011000|0000010000|000010011  0x0088302C0C02013
0x05 0000001|0001001|00100110001000010|00011001|1111000100|000010101  0x008926210CF8815
0x06 0000001|0001010|00100110101101100|00011011|1111001000|000010111  0x008A26B60DF9017
0x07 0000001|0010000|00111001101010110|11111000|0001010111|111110110  0x009039AB7C0AFF6
BX = 011 Event : 36
0x00 0000001|0000000|00110001001001100|00011101|0001110000|000010100  0x008031260E8E014
0x01 0000001|0000001|00110011011100000|10110110|0010010000|111001100  0x008133705B121CC
0x02 0000001|0000101|00111101100000010|11001100|0001111100|111010010  0x00853D81660F9D2
BX = 100 Event : 37
0x00 0000001|0000000|00101110111010110|00000111|0001010001|000000010  0x00802EEB038A202
0x01 0000001|0000001|00110000110111110|00001101|0001101111|000000010  0x008130DF068DE02
0x02 0000001|0000010|00101010001101110|00010110|0000100110|000000111  0x00822A370B04C07
0x03 0000001|0000011|00111100110101110|00000110|0010111110|000000000  0x00833CD70317C00
0x04 0000001|0000100|00111101101101100|00100000|0010111010|000010000  0x00843DB61017410
0x05 0000001|0000101|00111100110101010|00100001|0010110010|000010010  0x00853CD51096412
BX = 101 Event : 38
BX = 110 Event : 39
0x00 0000001|0000000|00101001001110010|01001010|0000010111|000111011  0x008029392502E3B
BX = 111 Event : 40
0x00 0000001|0000000|00111101001100010|11011100|0100001010|111100100  0x00803D316E215E4
BX = 000 Event : 41
0x00 0000001|0000101|00101010011010110|11010010|0000011101|111011011  0x00852A6B6903BDB
0x01 0000001|0000111|00111000001000100|11010011|0010100100|111011101  0x0087382269949DD
0x02 0000001|0001000|00111000001101110|11001111|0010001010|111011001  0x0088383767915D9
0x03 0000001|0001001|00110100111100010|11010110|0001110000|111011111  0x008934F16B0E1DF
0x04 0000001|0001010|00110100010011110|11010110|0001101011|111011111  0x008A344F6B0D7DF
0x05 0000001|0001101|00111000011010000|01101010|0010011001|001000101  0x008D38683513245
0x06 0000001|0001110|00110001100100010|01101110|0001010011|001001010  0x008E3191370A64A
0x07 0000001|0001111|00111000011110100|01101001|0010011010|001000100  0x008F387A3493444
0x08 0000001|0010010|00101010010111010|11100000|0000001000|111101100  0x00922A5D70011EC
0x09 0000001|0010011|00101001110000010|11100000|0000000100|111101100  0x009329C170009EC
0x0a 0000001|0010100|00100011001100100|00010101|1110100010|000010000  0x009423320AF4410
0x0b 0000001|0010101|00100011111100100|01111101|1111000111|001011110  0x009523F23EF8E5E
0x0c 0000001|0010111|00101011101001100|01111110|0000010110|001011110  0x00972BA63F02C5E
0x0d 0000001|0011000|00100110001101010|01111110|1111011110|001011110  0x009826353F7BC5E
0x0e 0000001|0011001|00100101011100100|00001111|1110111000|000001000  0x0099257207F7008
BX = 001 Event : 42
BX = 010 Event : 43
0x00 0000001|0000001|00111110110111000|11001110|0100001100|111011110  0x00813EDC67219DE
0x01 0000001|0000100|00110011110010010|00000001|0010011001|000000100  0x008433C90093204
0x02 0000001|0000101|00110100010100010|00000000|0010011110|000000011  0x008534510013C03
BX = 011 Event : 44
0x00 0000001|0000000|00110101000010100|00110100|0010100111|000101011  0x0080350A1A14E2B
0x01 0000001|0000001|00111001111011000|00111001|0011001011|000101111  0x008139EC1C9962F
BX = 100 Event : 45
0x00 0000001|0000000|00111000100100010|10001100|0011110100|110110110  0x00803891461E9B6
0x01 0000001|0000001|00111111010011010|10000111|0100110011|110110000  0x00813F4D43A67B0
0x02 0000001|0000010|00111000010111110|01000000|0011001110|000100001  0x0082385F2019C21
0x03 0000001|0000011|00110111000010010|11110101|0011011001|000000001  0x008337097A9B201
0x04 0000001|0000100|00110000100100000|11101001|0001111101|111110100  0x00843090748FBF4
0x05 0000001|0000101|00101111110000000|11101001|0001110111|111110100  0x00852FC0748EFF4
0x06 0000001|0000110|00111111010010000|11101101|0011101011|111111000  0x00863F48769D7F8
0x07 0000001|0000111|00111011110000110|11100010|0011101010|111101100  0x00873BC3711D5EC
0x08 0000001|0001000|00111001110110000|11010100|0011010111|111011011  0x008839D86A1AFDB
0x09 0000001|0001001|00110000101111100|11011001|0001011110|111011111  0x008930BE6C8BDDF
0x0a 0000001|0001010|00110110001000010|00011111|0010101001|000001011  0x008A36210F9520B
0x0b 0000001|0001011|00111011000010010|11101110|0011000010|111111001  0x008B3B0977185F9
0x0c 0000001|0001100|00111001011111100|11011010|0010110011|111100000  0x008C397E6D167E0
0x0d 0000001|0001101|00110000110001100|11011000|0001011110|111011111  0x008D30C66C0BDDF
0x0e 0000001|0001110|00110000100111100|11010101|0001011101|111011011  0x008E309E6A8BBDB
0x0f 0000001|0010100|00101001100001000|11001111|1111100010|111010111  0x0094298467FC5D7
0x10 0000001|0010101|00101101000011100|11011111|1111111110|111100111  0x00952D0E6FFFDE7
0x11 0000001|0010110|00111010110010000|11100001|0001101001|111101001  0x00963AC8708D3E9
0x12 0000001|0010111|00011111100000100|11001000|1110000000|111001111  0x00971F8264701CF
0x13 0000001|0011000|00100010111101010|11011000|1110011011|111011111  0x009822F56C737DF
0x14 0000001|0011001|00110000010001100|11011010|0000000010|111100000  0x009930466D005E0
0x15 0000001|0011010|00100011011010100|11001000|1110100110|111001111  0x009A236A6474DCF
0x16 0000001|0011011|00100110110110110|11011000|1111000001|111011111  0x009B26DB6C783DF
0x17 0000001|0011100|00110100001010100|11011010|0000101001|111100000  0x009C342A6D053E0
0x18 0000001|0011101|00110101101010010|11001000|0001011001|111001111  0x009D35A9640B3CF
0x19 0000001|0011110|00111001000111100|11011000|0001110100|111011111  0x009E391E6C0E9DF
0x1a 0000001|0100000|00110010101000000|11010110|0000110100|111011100  0x00A032A06B069DC
0x1b 0000001|0100010|00111111101001100|11010110|0010011001|111011100  0x00A23FA66B133DC
0x1c 0000001|0100011|00111011110100100|11010100|0010001110|111011001  0x00A33BD26A11DD9
0x1d 0000001|0100101|00100111011110000|10100100|1111101001|111000101  0x00A52778527D3C5
0x1e 0000001|0100110|00101011010000100|11100111|1111110011|111110101  0x00A62B4273FE7F5
0x1f 0000001|0100111|00100110100100000|11010100|1111000101|111011101  0x00A726906A78BDD
0x20 0000001|0101000|00101001101011000|11100010|1111011100|111101011  0x00A829AC717B9EB
0x21 0000001|0101001|00110101111111000|11001010|0001011100|111010001  0x00A935FC650B9D1
0x22 0000001|0101010|00111001000000010|11011000|0001110011|111011111  0x00AA39016C0E7DF
0x23 0000001|0101011|00110100001010100|11001000|0001001010|111001111  0x00AB342A64095CF
0x24 0000001|0101100|00110111001100000|11010110|0001100001|111011100  0x00AC37306B0C3DC
0x25 0000001|0101101|00110111011011010|11000111|0001101010|111001110  0x00AD376D638D5CE
0x26 0000001|0101110|00111010011100110|11010110|0010000001|111011100  0x00AE3A736B103DC
0x27 0000001|0101111|00100101010011100|11000111|1110111001|111001101  0x00AF254E63F73CD
0x28 0000001|0110000|00101000010101100|11010101|1111001111|111011011  0x00B028566AF9FDB
0x29 0000001|0110001|00110100000011010|11010110|0000101000|111011100  0x00B1340D6B051DC
0x2a 0000001|0110010|00100111110111010|10011110|1111101101|110111101  0x00B227DD4F7DBBD
BX = 101 Event : 46
0x00 0000001|0000011|00110011110101010|10100100|0001101000|111001000  0x008333D5520D1C8
BX = 110 Event : 47
0x00 0000001|0000001|00111001011010110|11101110|0010110010|111110010  0x0081396B77165F2
0x01 0000001|0000010|00111101111110110|10110010|0011010001|111001000  0x00823DFB591A3C8
0x02 0000001|0000101|00111101011010100|01001011|0010011001|000101001  0x00853D6A2593229
0x03 0000001|0001000|00100110101010000|10110100|1111100001|111001010  0x008826A85A7C3CA
0x04 0000001|0001001|00100111011100100|10110101|1111100111|111001011  0x008927725AFCFCB
0x05 0000001|0001010|00100111101100100|10100101|1111101100|110110111  0x008A27B252FD9B7
BX = 111 Event : 48
0x00 0000001|0000000|00110011001101000|00011010|0010011011|000010001  0x008033340D13611
0x01 0000001|0000001|00101011101000010|11111100|0000111100|111111011  0x00812BA17E079FB
0x02 0000001|0000011|00101001111011100|00010011|0000001000|000000011  0x008329EE0981003
0x03 0000001|0000111|00111100011001110|00100001|0001110100|000001100  0x00873C67108E80C
BX = 000 Event : 49
0x00 0000001|0000100|00111100011101010|10110001|0011101100|111000101  0x00843C75589D9C5
0x01 0000001|0000101|00111110010001110|10111001|0011111010|111001101  0x00853E475C9F5CD
0x02 0000001|0001001|00110001100001110|10111010|0000101010|111001001  0x008931875D055C9
0x03 0000001|0001010|00110110111001010|10111110|0001010010|111001100  0x008A36E55F0A5CC
BX = 001 Event : 50
BX = 010 Event : 51
0x00 0000001|0000000|00110010110111010|11110001|0010011000|000000000  0x008032DD7893000
0x01 0000001|0000010|00110010100000010|10010000|0010001010|110110111  0x0082328148115B7
0x02 0000001|0000011|00110011010001000|10010001|0010001111|110111000  0x008333444891FB8
0x03 0000001|0000100|00101001110101100|11110010|1111011110|111110001  0x008429D6797BDF1
BX = 011 Event : 52
BX = 100 Event : 53
0x00 0000001|0000101|00110010001001000|01011000|0001100011|000111001  0x008532242C0C639
0x01 0000001|0000110|00111101001000010|00101101|0010110110|000100010  0x00863D211696C22
0x02 0000001|0000111|00101010000011110|00000110|1111111000|000001000  0x00872A0F037F008
0x03 0000001|0001000|00110100010011000|01100000|0001001011|001001001  0x0088344C3009649
0x04 0000001|0001001|00100111111110100|01101010|1111111110|001001111  0x008927FA357FC4F
BX = 101 Event : 54
0x00 0000001|0000000|00111001101111010|11001000|0011100100|111010110  0x008039BD641C9D6
0x01 0000001|0000001|00111011111110100|11001011|0011110100|111011001  0x00813BFA659E9D9
BX = 110 Event : 55
0x00 0000001|0000010|00110101000100110|10111000|0001100010|111000111  0x008235135C0C5C7
0x01 0000001|0000011|00111111000110100|10110100|0010110000|111000011  0x00833F1A5A161C3
0x02 0000001|0000100|00100101111011010|10111101|1111001110|111001101  0x008425ED5EF9DCD
0x03 0000001|0000101|00101000111011110|10110111|1111101011|111000110  0x008528EF5BFD7C6
0x04 0000001|0001001|00111110001101100|11100101|0001101110|111110101  0x00893E36728DDF5
BX = 111 Event : 56
0x00 0000001|0000000|00111011000110110|01001110|0011001101|001000000  0x00803B1B2719A40
0x01 0000001|0000010|00111011011110000|10100001|0011011001|111000100  0x00823B78509B3C4
0x02 0000001|0000011|00111110100100110|10100001|0010111111|111000110  0x00833E935097FC6
0x03 0000001|0000100|00101111001000110|00110000|0000000001|000011111  0x00842F23180021F
0x04 0000001|0000101|00101110001000110|00101100|1111110111|000011010  0x00852E23167EE1A
0x05 0000001|0001001|00110110100011010|00110000|0000111011|000011111  0x0089368D180761F
0x06 0000001|0001100|00110100101010100|00101100|0000101000|000011010  0x008C34AA160501A
BX = 000 Event : 57
0x00 0000001|0000010|00101110001001010|01111010|0001010000|001010101  0x00822E253D0A055
0x01 0000001|0000011|00101101100000000|01110111|0001001010|001010001  0x00832D803B89451
0x02 0000001|0000100|00101010001110100|11010110|1111011110|111100101  0x00842A3A6B7BDE5
0x03 0000001|0000101|00011111011100100|11100011|1101111110|111100010  0x00851F7271EFDE2
0x04 0000001|0000110|00110101010111100|10010010|0000111110|110111000  0x0086355E4907DB8
0x05 0000001|0000111|00101011101111000|11100001|1111011110|111100110  0x00872BBC70FBDE6
0x06 0000001|0001000|00100000111011000|11111000|1110001100|111111011  0x008820EC7C719FB
0x07 0000001|0001001|00101110101001000|11101100|0000101000|111101000  0x00892EA476051E8
0x08 0000001|0001010|00111001000101010|01101111|0001011101|001010100  0x008A3915378BA54
BX = 001 Event : 58
BX = 010 Event : 59
0x00 0000001|0000011|00101100011101010|10110100|0001001001|111010100  0x00832C755A093D4
BX = 011 Event : 60
0x00 0000001|0000011|00111100001100000|00101101|0010110100|000101010  0x00833C30169682A
0x01 0000001|0010001|00100010100011110|10000101|1110101111|110101110  0x0091228F42F5FAE
0x02 0000001|0010010|00100011010001110|00001001|1110111110|111111110  0x0092234704F7DFE
0x03 0000001|0010011|00101011001010010|00001011|1111111001|111111111  0x00932B2905FF3FF
0x04 0000001|0010100|00110111100011000|01000110|0001010110|000110111  0x0094378C230AC37
0x05 0000001|0010110|00111111110001100|10001000|0010110101|110110011  0x00963FC64416BB3
0x06 0000001|0010111|00110101001101100|10001100|0001100011|110110111  0x00973536460C7B7
BX = 100 Event : 61
BX = 101 Event : 62
0x00 0000001|0000000|00111100010111100|00111110|0011100101|000110000  0x00803C5E1F1CA30
0x01 0000001|0000001|00111100011111100|00110100|0011100110|000100101  0x00813C7E1A1CC25
0x02 0000001|0000010|00110110001000010|00011111|0010101001|000001011  0x008236210F9520B
0x03 0000001|0001000|00111011000011110|01110111|0010000111|001011010  0x00883B0F3B90E5A
BX = 110 Event : 63
0x00 0000001|0000111|00111111011010010|11110101|0011001010|111111010  0x00873F697A995FA
0x01 0000001|0001001|00110101101110110|00000000|0001110011|111110111  0x008935BB000E7F7
0x02 0000001|0001100|00111011110001110|11011000|0010011000|111100101  0x008C3BC76C131E5
0x03 0000001|0001101|00110110110011110|11101111|0001110011|111111011  0x008D36CF778E7FB
0x04 0000001|0001110|00110100010001100|10100111|0001100000|110110111  0x008E3446538C1B7
0x05 0000001|0001111|00110110110100100|11101111|0001110100|111101011  0x008F36D2778E9EB
0x06 0000001|0010000|00110011101010010|11110111|0001011100|111110011  0x009033A97B8B9F3
0x07 0000001|0010001|00110010010010100|00001101|0001010010|000001000  0x0091324A068A408
0x08 0000001|0010011|00111111110011110|11110110|0011010011|111110010  0x00933FCF7B1A7F2
0x09 0000001|0010100|00111111000000000|00001100|0011001101|000000111  0x00943F000619A07
0x0a 0000001|0011000|00111010001101100|11110000|0010011101|111101011  0x00983A367813BEB
0x0b 0000001|0011001|00111001001001100|00000110|0010010101|111111111  0x009939260312BFF
0x0c 0000001|0011011|00111001110000000|11101111|0010011000|111101001  0x009B39C077931E9
0x0d 0000001|0011100|00111000101000100|00000101|0010010000|111111110  0x009C38A202921FE
0x0e 0000001|0011111|00111010000101010|01100000|0010001111|001001100  0x009F3A153011E4C
0x0f 0000001|0100000|00111011010011110|11000011|0010101001|111011100  0x00A03B4F61953DC
0x10 0000001|0100001|00100001111011000|11000010|1110011000|111001011  0x00A121EC61731CB
0x11 0000001|0100010|00101011011111100|00001111|1111100010|000010101  0x00A22B7E07FC415
0x12 0000001|0100011|00101101111010100|11011010|0000011100|111100001  0x00A32DEA6D039E1
0x13 0000001|0100100|00101011111011100|11111001|0000001100|111111111  0x00A42BEE7C819FF
0x14 0000001|0100101|00110000000011100|11111101|0000101100|000000100  0x00A5300E7E85804
0x15 0000001|0100110|00111101101110100|00001101|0010010111|000010011  0x00A63DBA0692E13
0x16 0000001|0100111|00100010010111100|11101010|1110101001|111100110  0x00A7225E75753E6
0x17 0000001|0101000|00110000011011000|00011111|0000010110|000011001  0x00A8306C0F82C19
0x18 0000001|0101001|00110001011000100|00110100|0000011110|000101101  0x00A931621A03C2D
0x19 0000001|0101010|00100011111111000|11011100|1110101100|111101011  0x00AA23FC6E759EB
BX = 111 Event : 64
0x00 0000001|0000001|00111011110001110|00001111|0011001001|111111111  0x00813BC707993FF
0x01 0000001|0000010|00110100001000100|10100111|0001101100|110111001  0x00823422538D9B9
0x02 0000001|0000011|00110101000000100|10100111|0001110101|110111001  0x00833502538EBB9
0x03 0000001|0000100|00110110001000110|10110101|0001000000|111000100  0x008436235A881C4
0x04 0000001|0001000|00100111101100100|10100101|1111101100|110110111  0x008827B252FD9B7
0x05 0000001|0001001|00111110100111110|10111000|0010010011|111001000  0x00893E9F5C127C8
0x06 0000001|0001010|00100110100010010|10100100|1111011110|110110101  0x008A2689527BDB5
BX = 000 Event : 65
0x00 0000001|0000000|00110100110001110|00000011|0010110000|111111011  0x008034C701961FB
0x01 0000001|0000010|00110111100100110|00000111|0011000101|111111111  0x008237930398BFF
0x02 0000001|0000011|00111000010111010|00001010|0011001011|000000010  0x0083385D0519602
0x03 0000001|0000100|00110111110101110|00010000|0011000111|000001000  0x008437D70818E08
0x04 0000001|0000101|00111000110100100|00011010|0011001110|000010001  0x008538D20D19C11
0x05 0000001|0000110|00110110010001110|00100100|0010111011|000011011  0x00863647121761B
0x06 0000001|0000111|00110110010001110|00101101|0010111011|000100011  0x008736471697623
0x07 0000001|0001000|00111010111111110|00110011|0011011110|000101000  0x00883AFF199BC28
0x08 0000001|0001001|00110001010001010|00110100|0010010110|000101001  0x008931451A12C29
0x09 0000001|0001010|00111110110110100|10011110|0011111001|110110101  0x008A3EDA4F1F3B5
0x0a 0000001|0001011|00111111111000100|10011100|0100000011|110110011  0x008B3FE24E207B3
0x0b 0000001|0001100|00101110100110000|10110110|0001010010|111010011  0x008C2E985B0A5D3
0x0c 0000001|0001101|00101111100111010|00000001|0000111001|111110111  0x008D2F9D00873F7
0x0d 0000001|0001110|00101001111101110|00000000|0000000001|111110101  0x008E29F700003F5
BX = 001 Event : 66
0x00 0000001|0000000|00110011001000100|00110110|0010010101|000101111  0x008033221B12A2F
0x01 0000001|0000001|00110000011000100|00100111|0001111011|000011100  0x00813062138F61C
0x02 0000001|0000010|00111100110110110|10100111|0100001101|111000011  0x00823CDB53A1BC3
0x03 0000001|0000101|00110011011011110|00101111|0001100111|000100100  0x0085336F178CE24
0x04 0000001|0000110|00110011101111100|00111100|0001101001|000110001  0x008633BE1E0D231
0x05 0000001|0000111|00110000000100100|00101110|0001000101|000100011  0x008730121708A23
0x06 0000001|0001001|00110000010101010|00111001|0001000111|000101110  0x008930551C88E2E
0x07 0000001|0001010|00110000110100000|01000100|0001001011|000111000  0x008A30D02209638
0x08 0000001|0001011|00110001101101100|00100011|0001010110|000010101  0x008B31B6118AC15
0x09 0000001|0001101|00110001111110000|00101110|0001011000|000011111  0x008D31F8170B01F
0x0a 0000001|0001110|00110010100001000|00111000|0001011100|000101001  0x008E32841C0B829
0x0b 0000001|0001111|00101010001110100|11010110|1111011110|111100101  0x008F2A3A6B7BDE5
0x0c 0000001|0010000|00101101111001100|00101010|1111111010|000011111  0x00902DE6157F41F
0x0d 0000001|0010001|00101001001000110|00101111|1111010101|000100011  0x0091292317FAA23
0x0e 0000001|0010010|00101000111001110|00010011|0000000001|000000110  0x009228E70980206
0x0f 0000001|0010011|00101000111001110|00010011|0000000001|000000111  0x009328E70980207
0x10 0000001|0010100|00101010010111000|00100101|0000001101|000011000  0x00942A5C1281A18
0x11 0000001|0010110|00111111010101100|00101010|0010110000|000011101  0x00963F56151601D
0x12 0000001|0010111|00101010101010000|00110010|0000001111|000100101  0x00972AA81901E25
0x13 0000001|0011000|00101010111001010|00111110|0000010001|000110000  0x00982AE51F02230
0x14 0000001|0011011|00111000101001010|10101110|0001101000|111000111  0x009B38A5570D1C7
0x15 0000001|0011100|00100000111011000|11111000|1110001100|111111011  0x009C20EC7C719FB
0x16 0000001|0011101|00101001001100000|00010110|0000000100|000001011  0x009D29300B0080B
0x17 0000001|0011110|00101001001100000|00010111|0000000100|000001011  0x009E29300B8080B
0x18 0000001|0011111|00101010011111010|00100111|0000001110|000011010  0x009F2A7D1381C1A
0x19 0000001|0100001|00111101010000010|00101011|0010011100|000011110  0x00A13D41159381E
0x1a 0000001|0100010|00101010110000000|00110010|0000010000|000100101  0x00A22AC01902025
0x1b 0000001|0100011|00101010111110000|00111101|0000010010|000101111  0x00A32AF81E8242F
0x1c 0000001|0100101|00111000110011000|10101101|0001101010|111000110  0x00A538CC568D5C6
BX = 010 Event : 67
0x00 0000001|0000001|00110101010101110|00101111|0011000000|000101011  0x00813557179802B
0x01 0000001|0000011|00111110100101000|00101100|0011011001|000011001  0x00833E94161B219
0x02 0000001|0000101|00110010001010110|11110101|0000100011|111111101  0x0085322B7A847FD
0x03 0000001|0000110|00111111001001000|11110110|0010101101|111101111  0x00863F247B15BEF
0x04 0000001|0000111|00111110010001000|11110110|0010100110|111101111  0x00873E447B14DEF
0x05 0000001|0001000|00110000101110000|11011011|0000010101|111011100  0x008830B86D82BDC
0x06 0000001|0001001|00101011100000010|00010000|1111101101|000001111  0x00892B81087DA0F
0x07 0000001|0001010|00101010101111110|00010000|1111100111|000001111  0x008A2ABF087CE0F
0x08 0000001|0001011|00110011101001100|11011001|0000110010|111011010  0x008B33A66C865DA
0x09 0000001|0001100|00101110100110000|00001110|0000001011|000001100  0x008C2E98070160C
0x0a 0000001|0001101|00101101110101110|00001110|0000000110|000001100  0x008D2DD70700C0C
0x0b 0000001|0001110|00111011000011010|00001110|0010000101|000001011  0x008E3B0D0710A0B
0x0c 0000001|0001111|00111010010011000|00001110|0010000000|000001011  0x008F3A4C071000B
0x0d 0000001|0010000|00110100010010010|00001010|0001000011|000001000  0x009034490508608
0x0e 0000001|0010001|00110011100001110|00001010|0000111110|000001000  0x009133870507C08
0x0f 0000001|0010010|00100110010011110|01000000|1111101100|000110010  0x0092264F207D832
0x10 0000001|0010100|00110110111001000|10011100|0001011000|110111110  0x009436E44E0B1BE
BX = 011 Event : 68
0x00 0000001|0000000|00110101111110110|00110001|0010110111|000101011  0x008035FB1896E2B
BX = 100 Event : 69
0x00 0000001|0000010|00101011110001100|11001010|0000110100|111010000  0x00822BC665069D0
BX = 101 Event : 70
0x00 0000001|0000010|00110101000011010|00101011|0011001100|000011111  0x0082350D159981F
0x01 0000001|0000110|00111001100111010|01010100|0001011101|000110001  0x0086399D2A0BA31
BX = 110 Event : 71
0x00 0000001|0000001|00101100100010000|11110001|0000100110|111111101  0x00812C887884DFD
0x01 0000001|0000100|00110011111000100|10010010|0000100101|110110000  0x008433E24904BB0
0x02 0000001|0000101|00110011010100000|10010000|0000011111|110101111  0x008533504803FAF
BX = 111 Event : 72
0x00 0000001|0000000|00111101010101110|01101110|0100011111|001010100  0x00803D573723E54
0x01 0000001|0000001|00100111100110000|01000110|1111000001|000111001  0x008127982378239
0x02 0000001|0000011|00101001010100000|11001011|1111001011|111010110  0x0083295065F97D6
0x03 0000001|0000100|00011111101110010|11011110|1110000010|111101001  0x00841FB96F705E9
0x04 0000001|0000101|00100001110001000|11111000|1110010010|000000001  0x008521C47C72401
BX = 000 Event : 73
0x00 0000001|0000100|00101011001101000|00011000|0000110001|000010110  0x00842B340C06216
0x01 0000001|0000110|00111000100000100|11011101|0001111011|111101010  0x008638826E8F7EA
0x02 0000001|0000111|00110111111101110|11011011|0001110110|111101000  0x008737F76D8EDE8
0x03 0000001|0001100|00110001100000100|11001111|0000110110|111011010  0x008C31826786DDA
0x04 0000001|0001101|00110110100110100|11000101|0001101000|111001101  0x008D369A628D1CD
BX = 001 Event : 74
0x00 0000001|0000000|00110111101101010|00010001|0011100001|000000010  0x008037B5089C202
0x01 0000001|0000001|00101110111001110|00000001|0001101111|111111000  0x00812EE7008DFF8
0x02 0000001|0000010|00110100111011100|00000010|0010011101|111111001  0x008234EE0113BF9
0x03 0000001|0000011|00101111101011110|00000100|0001110101|111111011  0x00832FAF020EBFB
0x04 0000001|0000100|00101111001010010|00001011|0001110001|000000001  0x00842F29058E201
0x05 0000001|0000101|00110000010001010|00010100|0001111010|000001010  0x008530450A0F40A
0x06 0000001|0000110|00110010001011000|00101101|0010001000|000100010  0x0086322C1691022
0x07 0000001|0000111|00111000000100000|01000010|0010110100|000110110  0x008738102116836
0x08 0000001|0001000|00101111111100010|11111101|0001111010|111110011  0x00882FF17E8F5F3
0x09 0000001|0001001|00110101111111000|11111110|0010100111|111110011  0x008935FC7F14FF3
0x0a 0000001|0001010|00110000101111000|00000000|0010000000|111110101  0x008A30BC00101F5
0x0b 0000001|0001011|00110000001101100|00000110|0001111100|111111100  0x008B3036030F9FC
0x0c 0000001|0001100|00110001010100100|00010000|0010000100|000000101  0x008C31520810805
0x0d 0000001|0001110|00110011001110010|00101001|0010010010|000011100  0x008E3339149241C
0x0e 0000001|0001111|00111001001011000|00111110|0010111111|000110000  0x008F392C1F17E30
0x0f 0000001|0010000|00101111110111000|00000001|0000111011|111110111  0x00902FDC00877F7
0x10 0000001|0010001|00111100100100110|00010110|0010011111|000001011  0x00913C930B13E0B
BX = 010 Event : 75
0x00 0000001|0000001|00110011110000110|11110100|0000111111|000000000  0x008133C37A07E00
0x01 0000001|0000010|00110100100010010|11110100|0001000101|000000000  0x008234897A08A00
0x02 0000001|0000011|00101010000011100|11110001|1111100000|111111100  0x00832A0E78FC1FC
0x03 0000001|0000100|00101011010111000|11110001|1111101010|111111100  0x00842B5C78FD5FC
0x04 0000001|0000101|00101111001110000|00010001|0000000110|000001100  0x00852F380880C0C
0x05 0000001|0000110|00101100010001000|01000100|1111100011|000111000  0x00862C44227C638
0x06 0000001|0001001|00101101001011100|11010111|1111111110|111011101  0x00892D2E6BFFDDD
0x07 0000001|0001010|00101110001001110|11011000|0000000110|111011110  0x008A2E276C00DDE
0x08 0000001|0001110|00111111100010100|00101101|0001111010|000100010  0x008E3F8A168F422
0x09 0000001|0001111|00110110000011000|00101110|0000101111|000100010  0x008F360C1705E22
0x0a 0000001|0010011|00111111000010100|00100111|0010001000|000011010  0x00933F0A139101A
BX = 011 Event : 76
0x00 0000001|0000000|00100111111000010|10111011|1111111100|111000111  0x008027E15DFF9C7
0x01 0000001|0000001|00100111010011010|10111010|1111110110|111000110  0x0081274D5D7EDC6
BX = 100 Event : 77
0x00 0000001|0000000|00110111010100110|10110011|0011110000|111001101  0x00803753599E1CD
0x01 0000001|0000010|00111101100100010|10010010|0100010110|110110010  0x00823D914922DB2
0x02 0000001|0000100|00100011000011010|00001000|1110101110|000000101  0x0084230D0475C05
0x03 0000001|0000101|00110010111110000|00110010|0000100111|000101101  0x008532F81904E2D
BX = 101 Event : 78
0x00 0000001|0000100|00110001110111110|00111000|0001010011|000101101  0x008431DF1C0A62D
0x01 0000001|0000110|00111101011110110|01100000|0010110000|001001010  0x00863D7B301604A
0x02 0000001|0000111|00111010101110110|01100001|0010010100|001001100  0x00873ABB309284C
0x03 0000001|0001001|00111111011010110|00111000|0010111001|000101101  0x00893F6B1C1722D
0x04 0000001|0001010|00110001110110010|00111000|0001010011|000101101  0x008A31D91C0A62D
BX = 110 Event : 79
0x00 0000001|0000000|00111000000000110|11000001|0011100101|111010010  0x00803803609CBD2
0x01 0000001|0000001|00111000000100100|11001100|0011000111|111011010  0x008138126618FDA
0x02 0000001|0000010|00111101011011100|10111101|0011111011|111001000  0x00823D6E5E9F7C8
0x03 0000001|0000011|00111101011011100|10111100|0011111011|111001000  0x00833D6E5E1F7C8
0x04 0000001|0001001|00111111001000010|11001111|0010101001|111011111  0x00893F2167953DF
BX = 111 Event : 80
0x00 0000001|0000000|00111011001100010|11101010|0010101001|111110010  0x00803B3175153F2
0x01 0000001|0000001|00110101100101110|11010100|0001110010|111010110  0x008135976A0E5D6
BX = 000 Event : 81
0x00 0000001|0000101|00101111101011000|10110010|0001001001|111000111  0x00852FAC59093C7
0x01 0000001|0000110|00110000101111100|00001110|0000010010|000001010  0x008630BE070240A
0x02 0000001|0000111|00110000101111100|00001001|0000010010|000000011  0x008730BE0482403
0x03 0000001|0001000|00110110110001010|00000100|0001001101|111111101  0x008836C50209BFD
0x04 0000001|0001010|00100101111010110|10101100|1111100100|111000000  0x008A25EB567C9C0
0x05 0000001|0001101|00101100011000100|10111110|1111100101|111001101  0x008D2C625F7CBCD
BX = 001 Event : 82
0x00 0000001|0000011|00110101110010000|11101111|0010011110|111111100  0x008335C87793DFC
0x01 0000001|0000101|00110010011110100|00100110|0000011001|000010001  0x0085327A1303211
BX = 010 Event : 83
0x00 0000001|0000010|00110110010111110|01011101|0001011100|001001010  0x0082365F2E8B84A
BX = 011 Event : 84
0x00 0000001|0000000|00111000011010100|00111101|0011011100|000100010  0x0080386A1E9B822
0x01 0000001|0000010|00110011011000100|11010010|0000100111|111100001  0x008233626904FE1
BX = 100 Event : 85
0x00 0000001|0000000|00111111111101010|01000000|0011111011|000101100  0x00803FF5201F62C
BX = 101 Event : 86
0x00 0000001|0000000|00110001100110010|11101100|0001100111|111110001  0x00803199760CFF1
0x01 0000001|0000001|00110100001010110|11110110|0001111100|111111011  0x0081342B7B0F9FB
0x02 0000001|0000010|00110101101010100|00111011|0010001100|000101010  0x008235AA1D9182A
0x03 0000001|0000011|00110110100010010|00111111|0010010011|000101101  0x008336891F9262D
0x04 0000001|0000100|00111101111110010|00110010|0011010001|000101011  0x00843DF9191A22B
0x05 0000001|0000101|00111010101011100|00010001|0010110001|000000011  0x00853AAE0896203
0x06 0000001|0001000|00101010000111100|11111111|1111111000|000000111  0x00882A1E7FFF007
0x07 0000001|0001001|00100110101011100|11100000|1111010110|111100001  0x008926AE707ADE1
0x08 0000001|0001010|00101011001000100|11100110|1111111000|111100111  0x008A2B22737F1E7
0x09 0000001|0001011|00101100101101000|11100000|0000010010|111100001  0x008B2CB470025E1
BX = 110 Event : 87
0x00 0000001|0000001|00111101100000100|11101100|0010101011|111110000  0x00813D8276157F0
0x01 0000001|0000010|00111101100000100|11101101|0010101011|111110001  0x00823D8276957F1
0x02 0000001|0000011|00101110000011000|00000000|0000110010|000000100  0x00832E0C0006404
0x03 0000001|0000100|00101110100110000|00000001|0000110111|000000100  0x00842E980086E04
0x04 0000001|0001000|00100100100101100|11101110|1110110111|111110011  0x008824967776FF3
0x05 0000001|0001001|00100100100101100|11101111|1110110111|111110011  0x0089249677F6FF3
0x06 0000001|0001010|00100101101100100|00010111|1110111111|000011001  0x008A25B20BF7E19
0x07 0000001|0001011|00100110010011010|00011001|1111000100|000011010  0x008B264D0CF881A
0x08 0000001|0001101|00111011111000110|10111111|0001110000|111011000  0x008D3BE35F8E1D8
BX = 111 Event : 88
0x00 0000001|0000000|00110110101110010|00000101|0010111110|000000100  0x008036B90297C04
0x01 0000001|0000100|00111110000010110|11101100|0010101101|111110101  0x00843E0B7615BF5
BX = 000 Event : 89
0x00 0000001|0000000|00111110110011010|00101100|0011110111|000011101  0x00803ECD161EE1D
0x01 0000001|0000010|00110100010010000|11110000|0010001110|111101101  0x008234487811DED
0x02 0000001|0000011|00110001100110000|11111100|0001111010|111111000  0x008331987E0F5F8
0x03 0000001|0000100|00110000101000110|11111100|0001110011|111111000  0x008430A37E0E7F8
0x04 0000001|0000101|00111100100001000|00111101|0010111101|000101110  0x00853C841E97A2E
BX = 001 Event : 90
0x00 0000001|0000100|00111010101110000|11111110|0010001001|111111011  0x00843AB87F113FB
0x01 0000001|0000101|00111101111010100|00101000|0010100010|000100100  0x00853DEA1414424
0x02 0000001|0000110|00111101111010100|00101001|0010100010|000100101  0x00863DEA1494425
0x03 0000001|0000111|00110000001011010|00011000|0000100001|000011011  0x0087302D0C0421B
0x04 0000001|0001000|00101100001101100|11010111|0000100000|111101101  0x00882C366B841ED
BX = 010 Event : 91
BX = 011 Event : 92
0x00 0000001|0000001|00100101101001110|00101000|1111000011|000100110  0x008125A71478626
BX = 100 Event : 93
0x00 0000001|0000000|00101111100110100|11100011|0001011111|111101100  0x00802F9A718BFEC
0x01 0000001|0000001|00110010100100110|11110101|0001110110|111111101  0x008132937A8EDFD
0x02 0000001|0000100|00111110101011000|01010110|0001111110|001000101  0x00843EAC2B0FC45
BX = 101 Event : 94
0x00 0000001|0000000|00111111001111010|00101100|0011110001|000011111  0x00803F3D161E21F
0x01 0000001|0000001|00101100110100000|11010000|0000110100|111011000  0x00812CD068069D8
0x02 0000001|0000010|00101010010101000|11001100|0000011100|111010011  0x00822A5466039D3
0x03 0000001|0000011|00110010110101100|00101011|0001111000|000011111  0x008332D6158F01F
0x04 0000001|0001010|00111110110001100|00101111|0010100100|000101000  0x008A3EC61794828
BX = 110 Event : 95
0x00 0000001|0000000|00110111111000100|11010010|0010011110|111101010  0x008037E26913DEA
0x01 0000001|0000001|00100111101001110|11010000|1111111000|111100111  0x008127A7687F1E7
BX = 111 Event : 96
0x00 0000001|0000101|00101110111110010|00010001|0000000110|000010000  0x00852EF90880C10
0x01 0000001|0000111|00110010011111000|00001100|0000101000|000001010  0x0087327C060500A
0x02 0000001|0001000|00111101101011010|11110011|0010010101|111101100  0x00883DAD7992BEC
BX = 000 Event : 97
0x00 0000001|0000001|00101100100010010|11011010|0001000101|111100110  0x00812C896D08BE6
0x01 0000001|0000011|00100001110001110|11111110|1110010110|111110100  0x008321C77F72DF4
0x02 0000001|0000100|00100111011011000|00000100|1111001110|111111100  0x0084276C0279DFC
0x03 0000001|0000101|00111110001101100|00111000|0001110110|000101101  0x00853E361C0EC2D
BX = 001 Event : 98
BX = 010 Event : 99
0x00 0000001|0000001|00110111110100010|00001111|0010110111|000001100  0x008137D10796E0C
0x01 0000001|0000100|00110001110111110|00111000|0001010011|000101101  0x008431DF1C0A62D
0x02 0000001|0000110|00110001110110010|00111000|0001010011|000101101  0x008631D91C0A62D
BX = 011 Event : 100
0x00 0000001|0000000|00110110111011000|01000011|0001000111|000111001  0x008036EC2188E39
0x01 0000001|0000011|00111000100110100|11111000|0001110100|111111001  0x0083389A7C0E9F9
0x02 0000001|0000100|00100100000011010|11110111|1110101001|111111000  0x0084240D7BF53F8
0x03 0000001|0000101|00110110100100100|00110111|0001000100|000101011  0x008536921B8882B
