BX = 000 Event : 1
0x00 0000001|0000000|00110110100001010|00001010|0011100111|000001010  0x00803685051CE0A
0x01 0000001|0000001|00111110010010110|00001001|0101011010|000000111  0x00813E4B04AB407
0x02 0000001|0000010|00101101011011010|00001111|0010110000|000001111  0x00822D6D079600F
0x03 0000001|0000011|00110000011001000|11001001|0001110011|111010101  0x00833064648E7D5
0x04 0000001|0000100|00110000101111100|11000010|0001111001|111000101  0x008430BE610F3C5
0x05 0000001|0000101|00110100110000110|00010110|0000101111|000001000  0x008534C30B05E08
BX = 001 Event : 2
0x00 0000001|0000000|00110011111010010|00111010|0011010101|000111110  0x008033E91D1AA3E
0x01 0000001|0000001|00101010001000110|00111101|0001110000|001000010  0x00812A231E8E042
0x02 0000001|0000010|00101000010000010|00111110|0001011100|001000011  0x008228411F0B843
0x03 0000001|0000011|00110000101001010|00111001|0011100011|000111001  0x008330A51C9C639
0x04 0000001|0000100|00110111001111010|10011101|0101010101|110101110  0x0084373D4EAABAE
0x05 0000001|0000111|00110010000001010|10001110|0010110110|110011110  0x008732054716D9E
0x06 0000001|0001000|00110010011101100|10001101|0010111101|110011101  0x008832764697B9D
0x07 0000001|0001001|00101000111100010|10100110|0001010111|110111110  0x008928F1530AFBE
0x08 0000001|0001010|00100101001011010|11100000|1111110100|111110010  0x008A252D707E9F2
BX = 010 Event : 3
0x00 0000001|0000000|00110101111011100|01110111|0100001101|001101000  0x008035EE3BA1A68
0x01 0000001|0000001|00110110110111010|11000101|0001110110|111000000  0x008136DD628EDC0
0x02 0000001|0000010|00101011111000010|11011011|1111100011|111010111  0x00822BE16DFC7D7
0x03 0000001|0000011|00101100000111000|11011010|1111100111|111010110  0x00832C1C6D7CFD6
BX = 011 Event : 4
0x00 0000001|0000000|00111001010101010|11001110|0101001010|111011011  0x0080395567295DB
0x01 0000001|0000001|00111001011010010|11001111|0101001011|111011100  0x0081396967A97DC
0x02 0000001|0000010|00110010010110000|11011101|0010100101|111011101  0x008232586E94BDD
0x03 0000001|0000101|00101110100011010|01011001|0001010011|001001010  0x00852E8D2C8A64A
0x04 0000001|0000110|00111010011101110|11011011|0011111001|111011010  0x00863A776D9F3DA
0x05 0000001|0000111|00111000110011010|11011111|0011101000|111100000  0x008738CD6F9D1E0
0x06 0000001|0001000|00111000011001110|00000011|0011100011|000001110  0x00883867019C60E
0x07 0000001|0001001|00101111110100000|11101100|0001100011|111100100  0x00892FD0760C7E4
0x08 0000001|0001010|00110000000011100|11101101|0001100110|111100110  0x008A300E768CDE6
0x09 0000001|0001011|00111011110000010|11110100|0011011101|111101110  0x008B3BC17A1BBEE
0x0a 0000001|0001100|00110111010101110|11111111|0010110000|111111100  0x008C37577F961FC
0x0b 0000001|0001101|00100010011010000|11111001|1110011000|111111100  0x008D22687CF31FC
0x0c 0000001|0001110|00100010101011110|11111010|1110011011|111111110  0x008E22AF7D737FE
0x0d 0000001|0001111|00101000111010110|11110111|1111001001|111110111  0x008F28EB7BF93F7
0x0e 0000001|0010000|00101010110110000|11111101|1111011110|000000000  0x00902AD87EFBC00
0x0f 0000001|0010001|00100100100000010|00001110|1110011001|000010110  0x009124810773216
0x10 0000001|0010010|00100001111011100|00010011|1101111101|000011101  0x009221EE09EFA1D
0x11 0000001|0010011|00100100100000010|00010110|1110011001|000100001  0x009324810B73221
0x12 0000001|0010100|00111100101100110|00100101|0011000011|000011010  0x00943CB3129861A
0x13 0000001|0010101|00110001000001110|00101010|0001000010|000100001  0x009531071508421
0x14 0000001|0010110|00111001110111100|00101101|0010100100|000100101  0x009639DE1694825
0x15 0000001|0010111|00111000011001000|00101101|0010010011|000100101  0x009738641692625
0x16 0000001|0011000|00100101111111010|01100010|1111000111|001011110  0x009825FD3178E5E
0x17 0000001|0011001|00100111011010010|01100010|1111011110|001011110  0x00992769317BC5E
0x18 0000001|0011010|00100011010110110|11101101|1110100011|111111010  0x009A235B76F47FA
0x19 0000001|0011011|00100010111101110|11101101|1110011111|111111010  0x009B22F776F3FFA
0x1a 0000001|0011100|00101011111011100|11111011|1111110111|111111111  0x009C2BEE7DFEFFF
0x1b 0000001|0011101|00101101101001010|00000001|0000001001|000000110  0x009D2DA50081206
0x1c 0000001|0011110|00100111111111010|00010000|1111001110|000011010  0x009E27FD0879C1A
0x1d 0000001|0011111|00100101101100110|00010100|1110110111|000011111  0x009F25B30A76E1F
0x1e 0000001|0100000|00100101100010010|11101010|1111000111|111100000  0x00A025897578FE0
0x1f 0000001|0100001|00100101110010010|11101011|1111001010|111100010  0x00A125C975F95E2
0x20 0000001|0100010|00110001011010000|11110010|0001000010|111101010  0x00A2316879085EA
0x21 0000001|0100011|00101011101110110|00000001|0000000111|111111101  0x00A32BBB0080FFD
0x22 0000001|0100100|00101001011100010|00000101|1111101111|000000011  0x00A4297102FDE03
0x23 0000001|0100101|00101011101110110|00001000|0000000111|000000110  0x00A52BBB0400E06
0x24 0000001|0100110|00101111110011000|00010011|0000110001|000010101  0x00A62FCC0986215
BX = 100 Event : 5
0x00 0000001|0000000|00101100110110100|10001011|0010110001|110011100  0x00802CDA459639C
0x01 0000001|0000001|00101100010100010|11100010|0000111000|111011000  0x00812C5171071D8
0x02 0000001|0000010|00101010111101100|00000000|0000101001|000000010  0x00822AF60005202
0x03 0000001|0000011|00111001101000000|00001011|0011001001|000010001  0x008339A00599211
0x04 0000001|0000100|00101100111011110|11110011|0001000001|111111001  0x00842CEF79883F9
0x05 0000001|0000101|00101100000000010|11110010|0000110011|111111000  0x00852C0179067F8
0x06 0000001|0000110|00101100011110100|11110010|0000111010|111111000  0x00862C7A79075F8
0x07 0000001|0000111|00110101001000100|11110000|0010111111|111110100  0x008735227817FF4
0x08 0000001|0001000|00101001100111110|11011101|1111000010|111101011  0x0088299F6EF85EB
BX = 101 Event : 6
BX = 110 Event : 7
0x00 0000001|0000000|00101110100100010|11000010|0011110000|111001101  0x00802E91611E1CD
0x01 0000001|0000001|00101110011000010|11000010|0011101110|111001110  0x00812E61611DDCE
0x02 0000001|0000010|00110111110001000|00000001|0100101011|000000011  0x008237C400A5603
0x03 0000001|0000011|00110111011100010|11111101|0100100110|111111101  0x008337717EA4DFD
0x04 0000001|0000101|00101000100111000|00010010|0000011000|000010011  0x0085289C0903013
0x05 0000001|0000111|00101011110111010|11111001|0001110101|111110101  0x00872BDD7C8EBF5
0x06 0000001|0001000|00110111111011110|00000010|0010111110|111111110  0x008837EF0117DFE
0x07 0000001|0001010|00101100110111100|00001101|0000010110|000010010  0x008A2CDE0682C12
0x08 0000001|0001011|00100101100101100|00001010|1110101000|000001101  0x008B2596057500D
0x09 0000001|0001100|00111110100101110|00000001|0011011000|000000011  0x008C3E97009B003
0x0a 0000001|0001101|00110101101011010|00000000|0001010000|000000000  0x008D35AD000A000
BX = 111 Event : 8
0x00 0000001|0000000|00110010010000000|01010100|0100001010|001010111  0x008032402A21457
0x01 0000001|0000001|00110110100100100|11011011|0100010011|111011100  0x008136926DA27DC
0x02 0000001|0000010|00101011111101110|00000110|0001010001|000000010  0x00822BF7030A202
0x03 0000001|0000011|00101000010011100|00011010|0000101001|000011101  0x0083284E0D0521D
0x04 0000001|0000100|00100111100011010|00010010|0000010011|000000011  0x0084278D0902603
0x05 0000001|0000101|00101100110101000|00001100|0001101111|000000010  0x00852CD4060DE02
0x06 0000001|0000110|00101000110100000|00010100|0000100110|000000111  0x008628D00A04C07
0x07 0000001|0000111|00110101111100000|00000101|0010111110|000000000  0x008735F00297C00
0x08 0000001|0001000|00101010101011110|11111110|0000010011|111110011  0x00882AAF7F027F3
BX = 000 Event : 9
0x00 0000001|0000000|00101010111101100|11001001|0010110011|111001101  0x00802AF664967CD
0x01 0000001|0000001|00101001100100110|01010010|0000011001|001000010  0x008129932903242
0x02 0000001|0000010|00101101000011000|00101100|0001000111|000100111  0x00822D0C1608E27
0x03 0000001|0000100|00110011011000010|11001000|0010110101|111001010  0x008433616416BCA
0x04 0000001|0000101|00110000001100010|11000010|0010000010|110111101  0x0085303161105BD
0x05 0000001|0000110|00110000000111000|11000001|0010000001|110111101  0x0086301C60903BD
0x06 0000001|0000111|00110001000110100|11000001|0010010000|110111100  0x0087311A60921BC
0x07 0000001|0001000|00110001100011110|11001101|0010011000|111010100  0x0088318F66931D4
0x08 0000001|0001001|00110010011010110|11001101|0010100110|111010100  0x0089326B6694DD4
0x09 0000001|0001010|00110111100110010|11100101|0010001010|111011100  0x008A379972915DC
0x0a 0000001|0001011|00110110110011010|11101100|0001111110|111101000  0x008B36CD760FDE8
0x0b 0000001|0001100|00110001110101100|11100100|0000110010|111011010  0x008C31D672065DA
BX = 001 Event : 10
0x00 0000001|0000001|00110110010101100|11001100|0010100100|111000101  0x0081365666149C5
0x01 0000001|0000011|00101011110110100|00001101|1111011001|000010110  0x00832BDA06FB216
0x02 0000001|0000100|00100010110100000|01010100|1101111001|001010000  0x008422D02A6F250
0x03 0000001|0000110|00111000010011000|00001001|0010011001|000001111  0x0086384C049320F
0x04 0000001|0000111|00111000100001100|00000110|0010011100|000001000  0x008738860313808
0x05 0000001|0001000|00101011110001000|00100111|0000001010|000100100  0x00882BC41381424
BX = 010 Event : 11
0x00 0000001|0000000|00100111101001100|00011101|0001111010|000011001  0x008027A60E8F419
0x01 0000001|0000010|00111000010110110|11000111|0100101011|111011001  0x0082385B63A57D9
BX = 011 Event : 12
0x00 0000001|0000001|00101110001010010|01110101|0011001011|001011101  0x00812E293A9965D
0x01 0000001|0000010|00110000000100000|11101100|0010010001|111110001  0x0082301076123F1
0x02 0000001|0000011|00110000010010100|11101010|0010010100|111101101  0x0083304A75129ED
BX = 100 Event : 13
0x00 0000001|0000000|00111110010010010|00011001|0100010010|000100011  0x00803E490CA2423
0x01 0000001|0000011|00111001011010100|00100001|0001101101|000011010  0x0083396A108DA1A
0x02 0000001|0000100|00111010110100110|00011111|0010000011|000010111  0x00843AD30F90617
BX = 101 Event : 14
0x00 0000001|0000000|00111011101011110|10111110|0100111010|111001001  0x00803BAF5F275C9
0x01 0000001|0000001|00111111111000110|10111010|0101001001|110110110  0x00813FE35D293B6
0x02 0000001|0000010|00111011101000110|10111110|0100111010|111001001  0x00823BA35F275C9
0x03 0000001|0000011|00110001011100110|10101111|0010100001|110101100  0x0083317357943AC
0x04 0000001|0000100|00111011111111010|10111101|0100111111|111001000  0x00843BFD5EA7FC8
0x05 0000001|0000101|00101010000110010|10110100|0000110010|110110110  0x00852A195A065B6
0x06 0000001|0000110|00111001000000000|10101110|0100010011|110101100  0x0086390057227AC
0x07 0000001|0000111|00110011101110000|10110010|0010111000|110110001  0x008733B859171B1
0x08 0000001|0001001|00111100011010000|11000000|0100010001|111000011  0x00893C6860223C3
0x09 0000001|0001010|00111011110110000|10111101|0100111101|111001001  0x008A3BD85EA7BC9
0x0a 0000001|0001011|00101110101100000|10110110|0001100101|110111010  0x008B2EB05B0CBBA
0x0b 0000001|0001100|00111000101100010|11000111|0011010100|111010001  0x008C38B1639A9D1
0x0c 0000001|0001110|00111011010101100|10111101|0011111111|110111100  0x008E3B565E9FFBC
0x0d 0000001|0001111|00101011001100100|01011111|1111101101|001010001  0x008F2B322FFDA51
0x0e 0000001|0010000|00110010001000100|11010101|0001010011|111011101  0x009032226A8A7DD
0x0f 0000001|0010001|00101110101010100|11000001|0000110000|111000100  0x00912EAA60861C4
0x10 0000001|0010010|00111000111100110|11010100|0010111010|111011100  0x009238F36A175DC
0x11 0000001|0010011|00110011001000000|10111101|0001111001|110111100  0x009333205E8F3BC
BX = 110 Event : 15
BX = 111 Event : 16
0x00 0000001|0000000|00101110001110010|11100001|0011010111|111100110  0x00802E39709AFE6
0x01 0000001|0000001|00101110000011010|11100000|0011010101|111100101  0x00812E0D701ABE5
0x02 0000001|0000010|00101101101000000|11011101|0011001111|111011111  0x00822DA06E99FDF
0x03 0000001|0000011|00101101101000000|11011100|0011001111|111011110  0x00832DA06E19FDE
0x04 0000001|0000100|00101111101101100|11011011|0011101100|111011100  0x00842FB66D9D9DC
0x05 0000001|0000101|00101101011001010|11011101|0011001100|111011111  0x00852D656E999DF
0x06 0000001|0000110|00101101011001010|11011100|0011001100|111011101  0x00862D656E199DD
0x07 0000001|0000111|00101110111101100|11011011|0011100100|111011100  0x00872EF66D9C9DC
0x08 0000001|0001000|00111010011110110|11111011|0100011000|111110000  0x00883A7B7DA31F0
0x09 0000001|0001011|00110111110110010|11010110|0011010110|111011101  0x008B37D96B1ADDD
0x0a 0000001|0001100|00110101000111100|11010111|0010111010|111011111  0x008C351E6B975DF
0x0b 0000001|0001101|00110010100011110|11010001|0010000110|111010101  0x008D328F6890DD5
0x0c 0000001|0001110|00101111110101110|11010011|0001101010|111010111  0x008E2FD7698D5D7
0x0d 0000001|0001111|00110011101110000|11001111|0010011000|111010001  0x008F33B867931D1
0x0e 0000001|0010000|00110000111111110|11010001|0001111100|111010011  0x009030FF688F9D3
0x0f 0000001|0010001|00111110100001100|11001101|0100001010|111001110  0x00913E8666A15CE
0x10 0000001|0010010|00110100010110010|11001110|0010100001|111001111  0x0092345967143CF
0x11 0000001|0010100|00110111000100000|11010010|0010011010|111010110  0x0094371069135D6
0x12 0000001|0010101|00101011110111000|11010011|0000100000|111011000  0x00952BDC69841D8
0x13 0000001|0010110|00101000110001010|11010101|1111111111|111011010  0x009628C56AFFFDA
0x14 0000001|0010111|00111111000101000|11011000|0011110001|111011110  0x00973F146C1E3DE
0x15 0000001|0011000|00101110001110100|11011000|0000111010|111011111  0x00982E3A6C075DF
0x16 0000001|0011001|00110111100101000|11001110|0010100010|111001111  0x0099379467145CF
0x17 0000001|0011010|00101100010111100|11001111|0000101000|111010000  0x009A2C5E67851D0
0x18 0000001|0011011|00101001010010010|11010001|0000000111|111010011  0x009B29496880FD3
0x19 0000001|0011100|00111111100110100|11010100|0011111000|111010111  0x009C3F9A6A1F1D7
0x1a 0000001|0011101|00101110101111000|11010100|0001000010|111010111  0x009D2EBC6A085D7
0x1b 0000001|0011110|00101000011110000|11001110|1111101101|111001111  0x009E2878677DBCF
0x1c 0000001|0011111|00100101011001000|11010000|1111001100|111010001  0x009F256468799D1
0x1d 0000001|0100000|00111011100100110|11010011|0010111100|111010110  0x00A03B9369979D6
0x1e 0000001|0100001|00101010110101010|11010011|0000000111|111010110  0x00A12AD56980FD6
0x1f 0000001|0100010|00110100111110010|11001110|0001111011|111001111  0x00A234F9670F7CF
0x20 0000001|0100011|00101011000110100|11001111|0000010101|111010000  0x00A32B1A6782BD0
0x21 0000001|0100100|00101000011000110|11010001|1111111001|111010010  0x00A4286368FF3D2
0x22 0000001|0100101|00111100000001100|11010011|0011000011|111010110  0x00A53C0669987D6
0x23 0000001|0100110|00101101001100010|11010100|0000101011|111010110  0x00A62D316A057D6
0x24 0000001|0100111|00110011010100000|11001110|0001100010|111001110  0x00A73350670C5CE
0x25 0000001|0101000|00101001011101010|11001111|1111111100|111010000  0x00A8297567FF9D0
0x26 0000001|0101001|00100110101111000|11010000|1111100000|111010010  0x00A926BC687C1D2
0x27 0000001|0101010|00111010010110100|11010011|0010101010|111010101  0x00AA3A5A69955D5
0x28 0000001|0101011|00101011100011000|11010011|0000010010|111010101  0x00AB2B8C69825D5
BX = 000 Event : 17
0x00 0000001|0000001|00110100000001000|11110101|0011110011|111110000  0x008134047A9E7F0
0x01 0000001|0000010|00110011001111100|11110101|0011101011|111110000  0x0082333E7A9D7F0
0x02 0000001|0000011|00111001010010000|11101001|0011000011|111101100  0x0083394874987EC
0x03 0000001|0000100|00100110000100100|10111000|1111100101|110110100  0x008426125C7CBB4
BX = 001 Event : 18
BX = 010 Event : 19
0x00 0000001|0000000|00100110111001100|10001110|0001110011|110100110  0x008026E6470E7A6
0x01 0000001|0000001|00100111100111010|10110100|0010001010|111000001  0x0081279D5A115C1
0x02 0000001|0000010|00101100100010100|01100101|0010110110|001010011  0x00822C8A3296C53
0x03 0000001|0000011|00100110110000100|01011110|0001010111|001000110  0x008326C22F0AE46
0x04 0000001|0000101|00111000011000010|10110100|0100111110|111000001  0x008538615A27DC1
0x05 0000001|0001001|00101110000011110|00011110|0000100001|000100111  0x00892E0F0F04227
0x06 0000001|0001010|00101010001111100|00111100|1111000010|000111110  0x008A2A3E1E7843E
0x07 0000001|0001011|00101010001111100|00111010|1111000010|000111011  0x008B2A3E1D7843B
0x08 0000001|0001101|00110100010001110|00001100|0000101111|111111101  0x008D34470605FFD
0x09 0000001|0001110|00110111010110100|01000011|0001010000|001001000  0x008E375A218A048
0x0a 0000001|0001111|00110111010110100|01000010|0001010000|001000101  0x008F375A210A045
0x0b 0000001|0010000|00111000010000100|00010000|0001101011|000000100  0x00903842080D604
0x0c 0000001|0010001|00111010000110110|01000010|0001111110|001000101  0x00913A1B210FC45
BX = 011 Event : 20
0x00 0000001|0000000|00101010100010100|00010101|0010011111|000011001  0x00802A8A0A93E19
0x01 0000001|0000010|00101010011101000|00011111|0001100001|000011110  0x00822A740F8C21E
0x02 0000001|0000011|00101000101011010|00011101|0001000110|000011001  0x008328AD0E88C19
0x03 0000001|0000100|00110000001010000|10100010|0001110011|110111001  0x00843028510E7B9
0x04 0000001|0000101|00100110011110010|01101110|1111100110|001100110  0x00852679377CC66
0x05 0000001|0000110|00101111111110010|01101111|0001001110|001100111  0x00862FF93789C67
0x06 0000001|0001000|00111101010111010|00010000|0010010010|000000100  0x00883D5D0812404
0x07 0000001|0001100|00111011100010110|00011011|0001110110|000011010  0x008C3B8B0D8EC1A
0x08 0000001|0001101|00111100100110000|00010111|0010000110|000010011  0x008D3C980B90C13
BX = 100 Event : 21
0x00 0000001|0000000|00100011101100110|10001110|1111010010|110011001  0x008023B3477A599
0x01 0000001|0000001|00101101001100110|11011000|0000101000|111010000  0x00812D336C051D0
0x02 0000001|0000010|00110010100100100|01001111|0001010010|001000100  0x00823292278A444
0x03 0000001|0000011|00110010111101110|01011110|0001010110|001011001  0x008332F72F0AC59
0x04 0000001|0000100|00110011011111100|01001110|0001100001|001000010  0x0084337E270C242
0x05 0000001|0000101|00110100001011010|01011110|0001101000|001011000  0x0085342D2F0D058
0x06 0000001|0000110|00101000111011100|01011100|1110111101|001010100  0x008628EE2E77A54
0x07 0000001|0000111|00101001111110000|01011011|1111001101|001010100  0x008729F82DF9A54
0x08 0000001|0001000|00101110101011110|01010101|0000010101|001000111  0x00882EAF2A82A47
0x09 0000001|0001001|00101110111010110|00001101|0000010001|111111110  0x00892EEB06823FE
BX = 101 Event : 22
0x00 0000001|0000000|00111101111000110|11110100|0101010111|111110101  0x00803DE37A2AFF5
0x01 0000001|0000001|00111011010101010|11110011|0100110010|111110010  0x00813B5579A65F2
0x02 0000001|0000011|00110100001111000|11110100|0011001000|111110100  0x0083343C7A191F4
0x03 0000001|0000100|00101010100001010|00001011|0001100101|000000011  0x00842A85058CA03
0x04 0000001|0000101|00110011101011110|00011000|0011000100|000010101  0x008533AF0C18815
0x05 0000001|0000111|00101100100011000|11011001|0000101110|111010111  0x00872C8C6C85DD7
0x06 0000001|0001000|00111101000010110|00111010|0100100100|001000001  0x00883D0B1D24841
0x07 0000001|0001001|00111001100101010|10001000|0011111000|110100001  0x00893995441F1A1
0x08 0000001|0001010|00111011011001110|10111110|0011111011|111001001  0x008A3B675F1F7C9
0x09 0000001|0001011|00111011001001000|10111110|0011111000|111001001  0x008B3B245F1F1C9
0x0a 0000001|0001100|00111011011110010|10111110|0011111101|111001001  0x008C3B795F1FBC9
0x0b 0000001|0001101|00111011010001100|10111110|0011111010|111001001  0x008D3B465F1F5C9
0x0c 0000001|0001110|00110111101100000|10111011|0010111110|111000010  0x008E37B05D97DC2
0x0d 0000001|0001111|00110110001101100|10111010|0010101110|111000000  0x008F36365D15DC0
0x0e 0000001|0010000|00111010001101000|10110011|0011101000|110110011  0x00903A34599D1B3
0x0f 0000001|0010001|00111001100101110|10110000|0011100001|110101110  0x00913997581C3AE
0x10 0000001|0010010|00110010001011010|11011111|0010010001|111101101  0x0092322D6F923ED
0x11 0000001|0010011|00101000001011010|11010101|1111101010|111001111  0x0093282D6AFD5CF
0x12 0000001|0010100|00110001100011000|10110001|0001011000|110101110  0x0094318C588B1AE
0x13 0000001|0010101|00101010101101010|11101001|0000010001|111110101  0x00952AB574823F5
0x14 0000001|0010110|00100111000011110|11011000|1111011001|111010101  0x0096270F6C7B3D5
0x15 0000001|0010111|00101000001101000|10000101|1111101100|110011001  0x0097283442FD999
BX = 110 Event : 23
0x00 0000001|0000000|00110101110110000|11001010|0100101100|111000110  0x008035D865259C6
0x01 0000001|0000001|00111001100111010|01001111|0100001000|000111100  0x0081399D27A103C
0x02 0000001|0000010|00101111000101100|01111110|0010011000|001111011  0x00822F163F1307B
0x03 0000001|0000011|00101010110100000|11111110|0000111111|111111110  0x00832AD07F07FFE
0x04 0000001|0000100|00101010110100000|11111110|0000111111|111111110  0x00842AD07F07FFE
0x05 0000001|0000101|00111010010010110|00111100|0011010011|000101000  0x00853A4B1E1A628
0x06 0000001|0000111|00110001000011110|00001001|0010000000|000001100  0x0087310F049000C
0x07 0000001|0001001|00110001000011110|00001001|0010000000|000001011  0x0089310F049000B
0x08 0000001|0001011|00100101110000010|01100000|1111011101|001011011  0x008B25C1307BA5B
0x09 0000001|0001100|00110110110110010|00111101|0010011100|000101011  0x008C36D91E9382B
0x0a 0000001|0001101|00110011111101000|11100001|0001110000|111101111  0x008D33F4708E1EF
0x0b 0000001|0001110|00101000100100010|11010011|1111000011|111010101  0x008E289169F87D5
0x0c 0000001|0001111|00101001100111000|11010011|1111010011|111010100  0x008F299C69FA7D4
BX = 111 Event : 24
0x00 0000001|0000000|00101011010010100|00011101|0010101000|000011011  0x00802B4A0E9501B
0x01 0000001|0000001|00100100101101010|01100100|1111111110|001100011  0x008124B5327FC63
0x02 0000001|0000010|00110111101001110|01010100|0011111011|001000101  0x008237A72A1F645
0x03 0000001|0000011|00101101001010100|00000100|0001110011|111111011  0x00832D2A020E7FB
0x04 0000001|0000100|00101110010110000|00000001|0010000101|111110110  0x00842E580090BF6
0x05 0000001|0000110|00111110100011000|11001010|0011111101|111011110  0x00863E8C651FBDE
0x06 0000001|0000111|00111111001010000|01010101|0010111101|001000010  0x00873F282A97A42
BX = 000 Event : 25
0x00 0000001|0000001|00101101101011000|01111010|0011011111|001100011  0x00812DAC3D1BE63
0x01 0000001|0000010|00111100000111010|11000101|0101001111|111001011  0x00823C1D62A9FCB
0x02 0000001|0000011|00111011111100010|11000101|0101001101|111001100  0x00833BF162A9BCC
0x03 0000001|0000100|00111011110010110|11000101|0101001010|111001011  0x00843BCB62A95CB
0x04 0000001|0000101|00111011100011010|11000101|0101000111|111001100  0x00853B8D62A8FCC
0x05 0000001|0000111|00110001101011000|11100100|0001100111|111110000  0x008731AC720CFF0
0x06 0000001|0001000|00101101001000010|11001001|0000111001|111001101  0x00882D2164873CD
0x07 0000001|0001001|00100010000100100|11100101|1101110111|111110000  0x0089221272EEFF0
0x08 0000001|0001010|00101000000101110|00111010|1111010111|000111110  0x008A28171D7AE3E
0x09 0000001|0001011|00100111101010110|00101001|1111010001|000011101  0x008B27AB14FA21D
0x0a 0000001|0001100|00100111111001010|01001100|1111010011|001001101  0x008C27E5267A64D
0x0b 0000001|0001101|00101001101100000|00101000|1111101111|000011100  0x008D29B0147DE1C
0x0c 0000001|0001110|00101001010111110|01001101|1111101100|001001111  0x008E295F26FD84F
0x0d 0000001|0001111|00101111011010110|00011111|0000100110|000011111  0x008F2F6B0F84C1F
0x0e 0000001|0010011|00111101011010000|10000011|0010100111|110001111  0x00933D684194F8F
0x0f 0000001|0010111|00111100001111010|10000011|0010010100|110001111  0x00973C3D419298F
BX = 001 Event : 26
0x00 0000001|0000000|00100111111101000|00100001|0010010111|000100010  0x008027F41092E22
0x01 0000001|0000011|00101110101111010|11011110|0011000011|111011101  0x00832EBD6F187DD
0x02 0000001|0000100|00100100000100010|11101000|1111111010|111101010  0x00842411747F5EA
0x03 0000001|0000101|00101101101101100|11111011|0000001101|000000011  0x00852DB67D81A03
BX = 010 Event : 27
0x00 0000001|0000000|00101000000100010|00011001|0001111000|000011111  0x008028110C8F01F
0x01 0000001|0000001|00101000010010010|00010111|0001111100|000011011  0x008128490B8F81B
0x02 0000001|0000010|00101101101001100|00001101|0011001110|000000111  0x00822DA60699C07
0x03 0000001|0000100|00110011111000100|10000110|0010000011|110001000  0x008433E24310788
0x04 0000001|0000110|00101001110110110|11011101|1111110101|111100011  0x008629DB6EFEBE3
0x05 0000001|0000111|00101001100101110|10001100|1111100001|110010110  0x00872997467C396
0x06 0000001|0001001|00111000111011010|00000011|0001101010|000000000  0x008938ED018D400
0x07 0000001|0001010|00111011011000000|00000011|0010001111|000000000  0x008A3B600191E00
0x08 0000001|0001011|00111000001110100|11111110|0001011111|111110110  0x008B383A7F0BFF6
BX = 011 Event : 28
0x00 0000001|0000000|00111000110110110|00101000|0101001010|000100001  0x008038DB1429421
0x01 0000001|0000001|00101010100101010|00110111|0001110100|000111110  0x00812A951B8E83E
0x02 0000001|0000011|00100110110111010|10010001|0000011001|110010100  0x008326DD4883394
BX = 100 Event : 29
0x00 0000001|0000000|00110100001101110|11001101|0100100011|111010001  0x0080343766A47D1
0x01 0000001|0000001|00100111111100110|11110011|0000010000|111111010  0x008127F379821FA
0x02 0000001|0000010|00100100111001100|11110000|1111100001|111110100  0x008224E6787C3F4
0x03 0000001|0000011|00101000001110000|11101101|0000010100|111101110  0x0083283876829EE
0x04 0000001|0000100|00101111001010100|11110011|0001011111|111111010  0x00842F2A798BFFA
0x05 0000001|0000110|00110000101111100|11110100|0001110111|111111100  0x008630BE7A0EFFC
0x06 0000001|0000111|00101011001001000|11110000|0000100001|111110100  0x00872B2478043F4
0x07 0000001|0001000|00101110011101110|11101101|0001010100|111101110  0x00882E77768A9EE
0x08 0000001|0001001|00100101000010110|01100100|1110110100|001011001  0x0089250B3276859
0x09 0000001|0001010|00111110111010100|01011110|0011001111|001010000  0x008A3EEA2F19E50
0x0a 0000001|0001110|00111111000001100|01011110|0011010001|001010000  0x008E3F062F1A250
BX = 101 Event : 30
0x00 0000001|0000000|00110010001100100|00001001|0001111011|111111111  0x00803232048F7FF
0x01 0000001|0000001|00101110100000110|00101001|0001010101|000101001  0x00812E83148AA29
0x02 0000001|0000010|00100011111001100|00010110|1110011110|000011001  0x008223E60B73C19
0x03 0000001|0000011|00101000010101110|00000100|1111100011|111110110  0x00832857027C7F6
0x04 0000001|0000100|00110100111011100|00010001|0001100110|000000111  0x008434EE088CC07
0x05 0000001|0000101|00100100101000100|00100101|1110111100|000100000  0x008524A212F7820
0x06 0000001|0000110|00111111100100010|10000110|0011111101|110011011  0x00863F91431FB9B
BX = 110 Event : 31
0x00 0000001|0000000|00110111010111110|10111110|0100100010|111001111  0x0080375F5F245CF
BX = 111 Event : 32
0x00 0000001|0000000|00101011101100100|11101101|0010000000|111100010  0x00802BB276901E2
BX = 000 Event : 33
0x00 0000001|0000011|00100011100000000|11001011|1110100010|111001001  0x0083238065F45C9
BX = 001 Event : 34
0x00 0000001|0000000|00101100110111100|00101111|0011001001|000101110  0x00802CDE179922E
0x01 0000001|0000001|00110111010001010|00010010|0011100111|000000010  0x00813745091CE02
0x02 0000001|0000010|00111100100010010|00010110|0100100010|000001000  0x00823C890B24408
0x03 0000001|0000011|00110111010111010|01111000|0011100110|001110001  0x0083375D3C1CC71
0x04 0000001|0000100|00110000000011000|11100000|0001100101|111100100  0x0084300C700CBE4
0x05 0000001|0000101|00100010111011100|00011100|1110101110|000010101  0x008522EE0E75C15
0x06 0000001|0000110|00100111010110110|00011111|1111011110|000011010  0x0086275B0FFBC1A
0x07 0000001|0000111|00110000000001010|00001111|0000111000|000000001  0x008730050787001
0x08 0000001|0001000|00101011110010000|00011100|0000001010|000010100  0x00882BC80E01414
0x09 0000001|0001001|00100110100111010|00011101|1111010010|000010100  0x0089269D0EFA414
0x0a 0000001|0001010|00101110111000110|00011111|0000101100|000010111  0x008A2EE30F85817
0x0b 0000001|0001011|00110000011010100|00101001|0000111101|000100101  0x008B306A1487A25
0x0c 0000001|0001100|00110001001111000|00101010|0001000110|000100111  0x008C313C1508C27
0x0d 0000001|0001101|00101010000010000|00010010|1111011110|000001001  0x008D2A08097BC09
0x0e 0000001|0001110|00100110100101000|00011110|1110111010|000011000  0x008E26940F77418
0x0f 0000001|0001111|00101001010110110|00100001|1111010111|000011011  0x008F295B10FAE1B
0x10 0000001|0010000|00101010101110100|00101010|1111100101|000100111  0x00902ABA157CA27
0x11 0000001|0010001|00101011000111000|00101011|1111101001|000101001  0x00912B1C15FD229
0x12 0000001|0010101|00111111001010110|11100011|0010110111|111101000  0x00953F2B7196FE8
BX = 010 Event : 35
0x00 0000001|0000000|00100101110101110|00011010|0001011011|000100001  0x008025D70D0B621
0x01 0000001|0000010|00111001000010000|00100100|0011111111|000011110  0x00823908121FE1E
0x02 0000001|0000011|00111100110011010|00000100|0100000000|111111000  0x00833CCD02201F8
0x03 0000001|0000100|00110100100111000|00001010|0010100110|000000000  0x0084349C0514C00
0x04 0000001|0000101|00101111101010010|00101100|0001110000|000110000  0x00852FA9160E030
0x05 0000001|0000110|00110100010100010|00001010|0010100010|000000000  0x008634510514400
0x06 0000001|0000111|00101111111101000|00101000|0001110101|000101000  0x00872FF4140EA28
0x07 0000001|0001001|00101111100101110|00010010|0000010000|000010011  0x00892F970902013
0x08 0000001|0001010|00101000010001100|00010011|1111000100|000010101  0x008A284609F8815
0x09 0000001|0001011|00101000101100110|00010101|1111001000|000010111  0x008B28B30AF9017
0x0a 0000001|0001100|00100100010011110|00010110|1110011011|000011000  0x008C244F0B73618
0x0b 0000001|0001110|00111010100110100|00001011|0010010110|000010101  0x008E3A9A0592C15
0x0c 0000001|0010010|00110110100000100|11111011|0001010111|111110110  0x009236827D8AFF6
BX = 011 Event : 36
0x00 0000001|0000000|00100111111101000|00110010|0010101110|000110000  0x008027F41915C30
0x01 0000001|0000001|00101101000101110|00010111|0001110000|000010100  0x00812D170B8E014
0x02 0000001|0000010|00101110001101110|11000101|0010010000|111001100  0x00822E3762921CC
0x03 0000001|0000110|00111001000001010|11011001|0001111100|111010010  0x008639056C8F9D2
0x04 0000001|0000111|00111010111011110|11100000|0010001111|111011011  0x00873AEF7011FDB
BX = 100 Event : 37
0x00 0000001|0000000|00101011111101110|00000110|0001010001|000000010  0x00802BF7030A202
0x01 0000001|0000001|00101000010011100|00011010|0000101001|000011101  0x0081284E0D0521D
0x02 0000001|0000010|00100111100011010|00010010|0000010011|000000011  0x0082278D0902603
0x03 0000001|0000011|00101100110101000|00001100|0001101111|000000010  0x00832CD4060DE02
0x04 0000001|0000100|00100110001110100|00010000|0000101011|000000111  0x0084263A0805607
0x05 0000001|0000101|00101000110100000|00010100|0000100110|000000111  0x008528D00A04C07
0x06 0000001|0000110|00110101111100000|00000101|0010111110|000000000  0x008635F00297C00
0x07 0000001|0000111|00110110111011110|00011011|0010111010|000010000  0x008736EF0D97410
0x08 0000001|0001000|00110110011000000|00011100|0010110010|000010010  0x008836600E16412
0x09 0000001|0001001|00111101011010110|01111000|0010101000|001101010  0x00893D6B3C1506A
BX = 101 Event : 38
0x00 0000001|0000010|00100111001011110|11100001|0000000110|111101001  0x0082272F7080DE9
0x01 0000001|0000011|00100111010100000|11100001|0000001000|111101000  0x0083275070811E8
0x02 0000001|0000101|00111010111100000|11111010|0011000111|000000001  0x00853AF07D18E01
0x03 0000001|0000110|00100010010101110|11101100|1110001100|111100010  0x0086225776719E2
BX = 110 Event : 39
0x00 0000001|0000000|00101000010111110|00111000|0000010111|000111011  0x0080285F1C02E3B
BX = 111 Event : 40
0x00 0000001|0000000|00101010110010000|11010100|0010110010|111001111  0x00802AC86A165CF
0x01 0000001|0000001|00110011011100010|11100100|0100001010|111100100  0x0081337172215E4
0x02 0000001|0000010|00111110101110000|10011100|0101001001|110101110  0x00823EB84E293AE
0x03 0000001|0000011|00111110101101010|10011100|0101001001|110101110  0x00833EB54E293AE
0x04 0000001|0000100|00110101110110110|01101101|0010001001|001101100  0x008435DB369126C
0x05 0000001|0000101|00111101111010010|01001010|0011000100|001001011  0x00853DE9251884B
BX = 000 Event : 41
0x00 0000001|0000001|00110011000101110|10000111|0011110110|110010101  0x00813317439ED95
0x01 0000001|0000010|00110011000101110|10000110|0011110110|110010100  0x00823317431ED94
0x02 0000001|0000011|00110011000011110|10000111|0011110101|110010101  0x0083330F439EB95
0x03 0000001|0000100|00110011000010110|10000110|0011110101|110010100  0x0084330B431EB94
0x04 0000001|0000101|00101001010110000|11011100|0000011101|111011011  0x008529586E03BDB
0x05 0000001|0000110|00100101001111100|01110101|1111110100|001011101  0x0086253E3AFE85D
0x06 0000001|0000111|00100011111001100|01111011|1111100110|001100101  0x008723E63DFCC65
0x07 0000001|0001001|00110010001100010|11011101|0010100100|111011101  0x008932316E949DD
0x08 0000001|0001010|00110011001101110|11011010|0010001010|111011001  0x008A33376D115D9
0x09 0000001|0001011|00110000111000000|11011111|0001110000|111011111  0x008B30E06F8E1DF
0x0a 0000001|0001100|00110000011011000|11011111|0001101011|111011111  0x008C306C6F8D7DF
0x0b 0000001|0001111|00110010110110100|01010110|0010011001|001000101  0x008F32DA2B13245
0x0c 0000001|0010000|00101110100011010|01011001|0001010011|001001010  0x00902E8D2C8A64A
0x0d 0000001|0010001|00110010111001000|01010110|0010011010|001000100  0x009132E42B13444
0x0e 0000001|0010010|00111010011101110|11011011|0011111001|111011010  0x00923A776D9F3DA
0x0f 0000001|0010011|00111000110011010|11011111|0011101000|111100000  0x009338CD6F9D1E0
0x10 0000001|0010100|00101010000010100|11100110|0000001000|111101100  0x00942A0A73011EC
0x11 0000001|0010101|00101001100110100|11100110|0000000100|111101100  0x0095299A73009EC
0x12 0000001|0010110|00100110100100010|00010001|1110100010|000010000  0x0096269108F4410
0x13 0000001|0010111|00100101111111010|01100010|1111000111|001011110  0x009725FD3178E5E
0x14 0000001|0011000|00111111110011110|01000001|0011111110|000110000  0x00983FCF209FC30
0x15 0000001|0011001|00101010110101010|01100010|0000010110|001011110  0x00992AD53102C5E
0x16 0000001|0011010|00100111011010010|01100010|1111011110|001011110  0x009A2769317BC5E
0x17 0000001|0011011|00100011010110110|11101101|1110100011|111111010  0x009B235B76F47FA
0x18 0000001|0011100|00100010111101110|11101101|1110011111|111111010  0x009C22F776F3FFA
0x19 0000001|0011101|00100011011010100|00000000|1110001001|111111000  0x009D236A00713F8
0x1a 0000001|0011110|00101000000000110|00001100|1110111000|000001000  0x009E28030677008
BX = 001 Event : 42
0x00 0000001|0000000|00101000001010100|10010010|0010010010|110011101  0x0080282A491259D
0x01 0000001|0000001|00101001100110000|10001110|0010101001|110010110  0x008129984715396
0x02 0000001|0000100|00100101011111110|01011000|1111000100|001001110  0x0084257F2C7884E
BX = 010 Event : 43
0x00 0000001|0000000|00111000000101010|01001111|0100010000|001000000  0x0080381527A2040
0x01 0000001|0000001|00110101000011100|11010111|0100001100|111011110  0x0081350E6BA19DE
0x02 0000001|0000010|00110110100110110|11010110|0100100011|111011101  0x0082369B6B247DD
0x03 0000001|0000011|00110110100110110|11010110|0100100011|111011100  0x0083369B6B247DC
0x04 0000001|0000100|00101110001111110|11111111|0010011001|000000100  0x00842E3F7F93204
0x05 0000001|0000101|00101110100101110|11111111|0010011110|000000011  0x00852E977F93C03
0x06 0000001|0001000|00101000101111110|11110011|0001000100|111101100  0x008828BF79889EC
0x07 0000001|0001001|00111111000010000|11010100|0011101110|111011010  0x00893F086A1DDDA
0x08 0000001|0001010|00111111011001110|11010100|0011110100|111011010  0x008A3F676A1E9DA
0x09 0000001|0001011|00111101000100110|11011111|0011010001|111101111  0x008B3D136F9A3EF
0x0a 0000001|0001100|00111111100111000|11010100|0011110111|111011001  0x008C3F9C6A1EFD9
0x0b 0000001|0001101|00100101000111100|00101101|1110101111|000101101  0x008D251E16F5E2D
0x0c 0000001|0001110|00111111010101100|11011110|0011110011|111101101  0x008E3F566F1E7ED
0x0d 0000001|0001111|00111111100111100|11010100|0011110111|111011010  0x008F3F9E6A1EFDA
BX = 011 Event : 44
0x00 0000001|0000000|00101110111110100|00101000|0010100111|000101011  0x00802EFA1414E2B
0x01 0000001|0000001|00110010100001110|00101011|0011001011|000101111  0x00813287159962F
0x02 0000001|0000101|00111000111011000|10010100|0100011001|110101000  0x008538EC4A233A8
0x03 0000001|0000110|00101000001000110|10000111|0000011010|110001110  0x00862823438358E
BX = 100 Event : 45
0x00 0000001|0000000|00101001111001010|11111011|0010011001|111101110  0x008029E57D933EE
0x01 0000001|0000001|00100111000100100|00001110|0001111100|000000111  0x00812712070F807
0x02 0000001|0000010|00101010011001000|00111001|0010011111|000111111  0x00822A641C93E3F
0x03 0000001|0000011|00100111100100010|00001001|0010000001|000000000  0x008327910490200
0x04 0000001|0000100|00101111101010110|10100001|0011110100|110110110  0x00842FAB509E9B6
0x05 0000001|0000101|00110100000000000|10011110|0100110011|110110000  0x008534004F267B0
0x06 0000001|0000110|00110000110111110|00110110|0011001110|000100001  0x008630DF1B19C21
0x07 0000001|0000111|00101011101111100|01100001|0010010111|001011100  0x00872BBE3092E5C
0x08 0000001|0001000|00101111001000010|11110100|0011011001|000000001  0x00882F217A1B201
0x09 0000001|0001001|00101100000001110|11101100|0001111101|111110100  0x00892C07760FBF4
0x0a 0000001|0001010|00101011011100000|11101100|0001110111|111110100  0x008A2B70760EFF4
0x0b 0000001|0001011|00110110101100100|11101111|0011101011|111111000  0x008B36B2779D7F8
0x0c 0000001|0001100|00110011001110110|11101000|0011101010|111101100  0x008C333B741D5EC
0x0d 0000001|0001101|00101001100001010|11101001|0010000110|111101101  0x008D29857490DED
0x0e 0000001|0001110|00101001100001010|11101001|0010000110|111101110  0x008E29857490DEE
0x0f 0000001|0001111|00101001110111000|11101101|0010001001|111110010  0x008F29DC76913F2
0x10 0000001|0010000|00110010000000000|11011111|0011010111|111011011  0x009032006F9AFDB
0x11 0000001|0010001|00101000100000010|11100000|0001110110|111011100  0x00912881700EDDC
0x12 0000001|0010010|00101000100000010|11100000|0001110110|111011100  0x00922881700EDDC
0x13 0000001|0010011|00101000110101110|11100011|0001111010|111100001  0x009328D7718F5E1
0x14 0000001|0010100|00101101010101000|11100010|0001011110|111011111  0x00942D54710BDDF
0x15 0000001|0010101|00100111010101000|00011100|0000100101|000001100  0x009527540E04A0C
0x16 0000001|0010110|00101111111111100|00011100|0010101001|000001011  0x00962FFE0E1520B
0x17 0000001|0010111|00101010101000000|01001101|0001101111|001001110  0x00972AA0268DE4E
0x18 0000001|0011000|00100111001011100|01011000|0001001100|001001010  0x0098272E2C0984A
0x19 0000001|0011001|00101001010101100|11101101|0001010100|111110110  0x00992956768A9F6
0x1a 0000001|0011010|00101000101111110|11101101|0001001110|111110110  0x009A28BF7689DF6
0x1b 0000001|0011011|00110011111110000|11110000|0011000010|111111001  0x009B33F878185F9
0x1c 0000001|0011100|00101000100101000|11100000|0001001001|111011101  0x009C289470093DD
0x1d 0000001|0011101|00101000000000000|11100000|0001000011|111011101  0x009D280070087DD
0x1e 0000001|0011110|00110010111110010|11100011|0010110011|111100000  0x009E32F971967E0
0x1f 0000001|0011111|00101101010110100|11100010|0001011110|111011111  0x009F2D5A710BDDF
BX = 101 Event : 46
0x00 0000001|0000000|00110000111111000|01100111|0011001001|001100100  0x008030FC3399264
0x01 0000001|0000001|00110001001010110|01101001|0011001011|001100111  0x0081312B3499667
0x02 0000001|0000011|00110000000101000|10110100|0001101000|111001000  0x008330145A0D1C8
0x03 0000001|0000101|00111111111000110|11001001|0011011001|111000101  0x00853FE3649B3C5
0x04 0000001|0000110|00111111111000110|11001100|0011011001|111001001  0x00863FE3661B3C9
BX = 110 Event : 47
0x00 0000001|0000001|00110010111101010|11110010|0010110010|111110010  0x008132F579165F2
0x01 0000001|0000010|00100101101010110|11110000|1111101000|111101111  0x008225AB787D1EF
0x02 0000001|0000011|00110110011000110|11000010|0011010001|111001000  0x00833663611A3C8
0x03 0000001|0000110|00110111110111010|00111111|0010011001|000101001  0x008637DD1F93229
0x04 0000001|0001010|00100111110000110|11000100|1111100001|111001010  0x008A27C3627C3CA
0x05 0000001|0001011|00101000010100000|11000100|1111100111|111001011  0x008B2850627CFCB
0x06 0000001|0001100|00101000011010010|10111010|1111101100|110110111  0x008C28695D7D9B7
0x07 0000001|0001101|00111111111100110|01110010|0011110110|001011010  0x008D3FF3391EC5A
BX = 111 Event : 48
0x00 0000001|0000001|00101101100100010|00010101|0010011011|000010001  0x00812D910A93611
0x01 0000001|0000010|00101001011011100|11111101|0000111100|111111011  0x0082296E7E879FB
0x02 0000001|0000011|00101001010111100|00001100|0001011100|111111111  0x0083295E060B9FF
0x03 0000001|0000100|00101001110000000|00110100|0001100000|000110011  0x008429C01A0C033
0x04 0000001|0000110|00100100010101110|00010110|1110111000|000001011  0x008624570B7700B
0x05 0000001|0000111|00101001100110110|00010010|0000001000|000000011  0x0087299B0901003
0x06 0000001|0001000|00100010101110100|10101010|1110011101|110101010  0x008822BA5573BAA
0x07 0000001|0001001|00111110101010010|00101110|0011010110|000101011  0x00893EA9171AC2B
0x08 0000001|0001011|00111100101110000|01000111|0010100101|001000110  0x008B3CB82394A46
0x09 0000001|0001100|00111000001011100|00011101|0001110100|000001100  0x008C382E0E8E80C
0x0a 0000001|0001101|00111101000101010|01000110|0010101010|001000011  0x008D3D152315443
BX = 000 Event : 49
0x00 0000001|0000000|00101001011100010|00110111|0010001111|000101000  0x008029711B91E28
0x01 0000001|0000101|00110011110100110|11000010|0011101100|111000101  0x008533D3611D9C5
0x02 0000001|0000110|00110101000111110|11001000|0011111010|111001101  0x0086351F641F5CD
0x03 0000001|0000111|00111110000100110|11011000|0011111110|111100101  0x00873E136C1FDE5
0x04 0000001|0001001|00111011111010110|11011001|0011011110|111100110  0x00893BEB6C9BDE6
0x05 0000001|0001010|00110000000000000|11001010|0000101010|111001001  0x008A300065055C9
0x06 0000001|0001011|00110011111010010|11001100|0001010010|111001100  0x008B33E9660A5CC
BX = 001 Event : 50
BX = 010 Event : 51
0x00 0000001|0000000|00101101010101000|11110001|0010011000|000000000  0x00802D547893000
0x01 0000001|0000001|00101011011011100|01101011|0001110100|001011111  0x00812B6E358E85F
0x02 0000001|0000010|00101101100001000|10100101|0010001010|110110111  0x00822D8452915B7
0x03 0000001|0000011|00101110000100010|10100110|0010001111|110111000  0x00832E115311FB8
0x04 0000001|0000101|00101011000011100|11110110|1111011110|111110001  0x00852B0E7B7BDF1
0x05 0000001|0000110|00111110100100110|11000010|0011010100|111010000  0x00863E93611A9D0
BX = 011 Event : 52
0x00 0000001|0000011|00101100000110110|00101000|0010110111|000011101  0x00832C1B1416E1D
0x01 0000001|0001001|00101001101000000|00101111|0010010001|000101001  0x008929A01792229
BX = 100 Event : 53
0x00 0000001|0000000|00111100000100100|10101101|0101001010|110111100  0x00803C1256A95BC
0x01 0000001|0000001|00111110011111110|01001100|0101010101|001000010  0x00813E7F262AA42
0x02 0000001|0000011|00111100101100000|01010001|0011110100|001010100  0x00833CB0289E854
0x03 0000001|0000100|00111110011000110|00110110|0100001101|000100001  0x00843E631B21A21
0x04 0000001|0000101|00101110100100010|01001000|0001100011|000111001  0x00852E91240C639
0x05 0000001|0000110|00110110100000000|00100011|0010110110|000100010  0x008636801196C22
0x06 0000001|0000111|00101010010101000|00000011|1111111000|000001000  0x00872A5401FF008
0x07 0000001|0001000|00110001100100000|01001011|0001001011|001001001  0x008831902589649
0x08 0000001|0001001|00101000000010110|01010011|1111111110|001001111  0x0089280B29FFC4F
BX = 101 Event : 54
0x00 0000001|0000000|00110001011011110|11010100|0011100100|111010110  0x0080316F6A1C9D6
0x01 0000001|0000001|00110011000011010|11010110|0011110100|111011001  0x0081330D6B1E9D9
0x02 0000001|0000010|00101000000100100|11010111|0001001100|111011011  0x008228126B899DB
0x03 0000001|0000011|00101000010100010|11010111|0001001111|111011010  0x008328516B89FDA
0x04 0000001|0000100|00111011111111000|10111110|0100000101|111010011  0x00843BFC5F20BD3
BX = 110 Event : 55
0x00 0000001|0000000|00111001100001100|11001010|0010111110|111001011  0x008039866517DCB
0x01 0000001|0000010|00110001100000110|11001000|0001100010|111000111  0x00823183640C5C7
0x02 0000001|0000011|00111000101100100|11000101|0010110000|111000011  0x008338B262961C3
0x03 0000001|0000100|00100111101110000|11001100|1111001110|111001101  0x008427B86679DCD
0x04 0000001|0000101|00101001101010100|11001000|1111101011|111000110  0x008529AA647D7C6
0x05 0000001|0001001|00111010001110000|11101000|0001101110|111110101  0x00893A38740DDF5
0x06 0000001|0001100|00111011011101100|11100100|0010000001|111101100  0x008C3B7672103EC
BX = 111 Event : 56
0x00 0000001|0000000|00110011101010000|00111011|0011001101|001000000  0x008033A81D99A40
0x01 0000001|0000001|00111011100010100|00111010|0101001011|000111100  0x00813B8A1D2963C
0x02 0000001|0000010|00110011100100110|10110010|0011011001|111000100  0x00823393591B3C4
0x03 0000001|0000011|00100101010110110|10111000|1111111010|111001111  0x0083255B5C7F5CF
0x04 0000001|0000100|00110111100111010|10110001|0010111111|111000110  0x0084379D5897FC6
0x05 0000001|0000101|00101111000110000|00100111|0000000001|000011111  0x00852F18138021F
0x06 0000001|0000110|00101110011100100|00100100|1111110111|000011010  0x00862E72127EE1A
0x07 0000001|0001000|00111101101001010|00100101|0010010110|000101011  0x00883DA51292C2B
0x08 0000001|0001001|00111110010111000|00100101|0010011101|000101100  0x00893E5C1293A2C
0x09 0000001|0001010|00110100011011000|00100111|0000111011|000011111  0x008A346C138761F
0x0a 0000001|0001011|00111111001101000|00100000|0010101101|000100010  0x008B3F341015A22
0x0b 0000001|0001100|00111111110101110|00100000|0010110100|000100010  0x008C3FD71016822
0x0c 0000001|0001101|00110011001101000|00100100|0000101000|000011010  0x008D3334120501A
BX = 000 Event : 57
0x00 0000001|0000000|00101100110100000|01001100|0010111000|000110111  0x00802CD02617037
0x01 0000001|0000001|00111010101001000|10010011|0101010001|110010101  0x00813AA449AA395
0x02 0000001|0000010|00110010101100100|01100100|0011000100|001011011  0x008232B2321885B
0x03 0000001|0000011|00101011001110100|01100010|0001010000|001010101  0x00832B3A310A055
0x04 0000001|0000100|00101010110100010|01011111|0001001010|001010001  0x00842AD12F89451
0x05 0000001|0000101|00100111111100000|01011111|0000011101|001010001  0x008527F02F83A51
0x06 0000001|0000110|00101011011011000|11011101|1111011110|111100101  0x00862B6C6EFBDE5
0x07 0000001|0000111|00100100001000000|11101100|1101111110|111100010  0x00872420766FDE2
0x08 0000001|0001000|00110011000111110|10100111|0000111110|110111000  0x0088331F5387DB8
0x09 0000001|0001001|00101100111101000|11101001|1111011110|111100110  0x00892CF474FBDE6
0x0a 0000001|0001010|00100101000101000|11111001|1110001100|111111011  0x008A25147CF19FB
0x0b 0000001|0001011|00101101001011010|11110011|0000101000|111101000  0x008B2D2D79851E8
0x0c 0000001|0001100|00100110100111000|00001000|1111100100|000000011  0x008C269C047C803
0x0d 0000001|0001101|00110101101110000|01010110|0001011101|001010100  0x008D35B82B0BA54
BX = 001 Event : 58
0x00 0000001|0000010|00100100001010100|00011100|1111000101|000011011  0x0082242A0E78A1B
0x01 0000001|0000011|00111011101100010|00000011|0010001111|111110101  0x00833BB10191FF5
0x02 0000001|0001010|00111101001101010|00001111|0010011111|000011011  0x008A3D350793E1B
BX = 010 Event : 59
0x00 0000001|0000000|00111011110001010|10110000|0101100001|110110101  0x00803BC5582C3B5
0x01 0000001|0000001|00111011111111010|10111111|0101100011|111001010  0x00813BFD5FAC7CA
0x02 0000001|0000010|00111011110010110|10111111|0101100000|111001010  0x00823BCB5FAC1CA
0x03 0000001|0000011|00101001110100100|11000000|0001001001|111010100  0x008329D260093D4
0x04 0000001|0000100|00100111100000110|10110001|0000101101|110101110  0x008427835885BAE
0x05 0000001|0000101|00100111001101000|01100011|1110100110|001100001  0x0085273431F4C61
0x06 0000001|0000110|00101111001101000|01101010|0000000000|001101010  0x00862F34350006A
0x07 0000001|0000111|00110111111011100|01101001|0010001111|001001111  0x008737EE3491E4F
0x08 0000001|0001000|00101111011011000|01101101|0000110000|001010110  0x00882F6C3686056
BX = 011 Event : 60
0x00 0000001|0000110|00101000110111010|10011101|0000111100|110110010  0x008628DD4E879B2
0x01 0000001|0000111|00101000111101100|10011110|0000111101|110110100  0x008728F64F07BB4
0x02 0000001|0001000|00111010011100100|11110100|0011101001|111101101  0x00883A727A1D3ED
0x03 0000001|0001001|00110101101000010|00100000|0010110100|000101010  0x008935A1101682A
0x04 0000001|0001100|00110010010010110|01111101|0010010011|001100111  0x008C324B3E92667
0x05 0000001|0010100|00111111001101000|10100011|0100101010|110111010  0x00943F3451A55BA
0x06 0000001|0010110|00101100000001110|10000001|1111111001|110000111  0x00962C0740FF387
0x07 0000001|0010111|00100101011101000|10011101|1110101111|110101110  0x009725744EF5FAE
0x08 0000001|0011000|00100100110110000|00001010|1110110110|111111110  0x009824D80576DFE
0x09 0000001|0011001|00100101101001010|00001010|1110111110|111111110  0x009925A50577DFE
0x0a 0000001|0011010|00101011011000110|00001011|1111111001|111111111  0x009A2B6305FF3FF
0x0b 0000001|0011011|00100011001111100|00101000|1110100101|000100101  0x009B233E1474A25
0x0c 0000001|0011100|00110100011010100|00110110|0001010110|000110111  0x009C346A1B0AC37
0x0d 0000001|0011101|00110111000110000|10001000|0010011111|110010100  0x009D37184413F94
0x0e 0000001|0011110|00111001001100000|10011111|0010110101|110110011  0x009E39304F96BB3
0x0f 0000001|0011111|00110001100111000|10100001|0001100011|110110111  0x009F319C508C7B7
0x10 0000001|0100010|00111111000110100|10001000|0011001111|110010010  0x00A23F1A4419F92
BX = 100 Event : 61
0x00 0000001|0000001|00100011111000100|10110011|1111001100|110110001  0x008123E259F99B1
0x01 0000001|0000010|00111101001001100|00010010|0010011100|000011001  0x00823D260913819
BX = 101 Event : 62
0x00 0000001|0000000|00101100010101110|00010111|0011000110|000011111  0x00802C570B98C1F
0x01 0000001|0000001|00101011011010010|00011111|0010001111|000100010  0x00812B690F91E22
0x02 0000001|0000010|00101010111011110|00010101|0010001000|000001110  0x00822AEF0A9100E
0x03 0000001|0000011|00110100000000010|00101111|0011100101|000110000  0x00833401179CA30
0x04 0000001|0000100|00101011011001110|00010100|0010001111|000001101  0x00842B670A11E0D
0x05 0000001|0000101|00101011001011110|00001111|0010001100|000000100  0x00852B2F0791804
0x06 0000001|0000110|00110100000101010|00101001|0011100110|000100101  0x00863415149CC25
0x07 0000001|0000111|00100111001010110|00100011|0000100011|000011000  0x0087272B1184618
0x08 0000001|0001000|00101111111111100|00011100|0010101001|000001011  0x00882FFE0E1520B
0x09 0000001|0001001|00111001111110000|00100100|0100010011|000010110  0x008939F81222616
0x0a 0000001|0001010|00111001110111000|00100101|0100010010|000011000  0x008A39DC12A2418
0x0b 0000001|0001011|00101010101000000|01001101|0001101111|001001110  0x008B2AA0268DE4E
0x0c 0000001|0001100|00100111001110100|00101010|1111111000|000100010  0x008C273A157F022
0x0d 0000001|0001101|00100111001000010|00101100|1111110111|000100100  0x008D2721167EE24
0x0e 0000001|0001110|00100111001110100|00101010|1111111000|000100001  0x008E273A157F021
0x0f 0000001|0001111|00100111001000010|00101011|1111110111|000100011  0x008F272115FEE23
0x10 0000001|0010001|00111100011011110|01010011|0011101000|001001000  0x00913C6F299D048
0x11 0000001|0010011|00110110001011100|01011100|0010000111|001011010  0x0093362E2E10E5A
BX = 110 Event : 63
0x00 0000001|0000000|00111100000111010|11001111|0101001110|111010101  0x00803C1D67A9DD5
0x01 0000001|0000001|00111011110010010|11001111|0101001000|111010101  0x00813BC967A91D5
0x02 0000001|0000011|00101001010001010|01111011|0000110001|001110011  0x008329453D86273
0x03 0000001|0000100|00101110101001000|01111011|0010001010|001110010  0x00842EA43D91472
0x04 0000001|0000101|00100101010001100|01111100|1111101110|001110011  0x008525463E7DC73
0x05 0000001|0000110|00101001010000100|01110111|0000110001|001101001  0x008629423B86269
0x06 0000001|0000111|00111001011111100|11100000|0011011010|111011011  0x0087397E701B5DB
0x07 0000001|0001000|00111000000011000|11110110|0011001010|111111010  0x0088380C7B195FA
0x08 0000001|0001001|00111011000011100|11111010|0011101011|111111111  0x00893B0E7D1D7FF
0x09 0000001|0001010|00110001100011000|00000010|0001110011|111110111  0x008A318C010E7F7
0x0a 0000001|0001100|00111000110101100|00110101|0011001101|000100011  0x008C38D61A99A23
0x0b 0000001|0001101|00110110010001000|11011111|0010011000|111100101  0x008D36446F931E5
0x0c 0000001|0001110|00110010101001100|11110000|0001110011|111111011  0x008E32A6780E7FB
0x0d 0000001|0001111|00110000110011010|10111011|0001100000|110110111  0x008F30CD5D8C1B7
0x0e 0000001|0010000|00110010101000000|11110101|0001110100|111101011  0x009032A07A8E9EB
0x0f 0000001|0010001|00110000010101000|11111011|0001011100|111110011  0x009130547D8B9F3
0x10 0000001|0010010|00101111010100110|00001011|0001010010|000001000  0x00922F53058A408
0x11 0000001|0010100|00111000000111000|11111010|0011010011|111110010  0x0094381C7D1A7F2
0x12 0000001|0010101|00110111100001010|00001010|0011001101|000000111  0x009537850519A07
0x13 0000001|0010111|00111100110010000|11111000|0100011010|111101111  0x00973CC87C235EF
0x14 0000001|0011000|00111100011011110|00001000|0100010111|000000011  0x00983C6F0422E03
0x15 0000001|0011001|00110100100001110|11110110|0010011101|111101011  0x009934877B13BEB
0x16 0000001|0011010|00110011110000000|00000110|0010010101|111111111  0x009A33C00312BFF
0x17 0000001|0011100|00110100001110110|11110101|0010011000|111101001  0x009C343B7A931E9
0x18 0000001|0011101|00110011011011000|00000101|0010010000|111111110  0x009D336C02921FE
0x19 0000001|0011111|00111101110110110|00001111|0011101010|000000001  0x009F3DDB079D401
0x1a 0000001|0100000|00110100111001100|01001010|0010001111|001001100  0x00A034E62511E4C
0x1b 0000001|0100001|00110101001011110|11001101|0010101001|111011100  0x00A1352F66953DC
0x1c 0000001|0100010|00100101101010110|11010010|1110011000|111001011  0x00A225AB69731CB
0x1d 0000001|0100011|00100001011011010|11111110|1101101010|000001000  0x00A3216D7F6D408
0x1e 0000001|0100100|00101100100010110|00001001|1111100010|000010101  0x00A42C8B04FC415
0x1f 0000001|0100101|00101100111001110|11100011|0000011100|111100001  0x00A52CE771839E1
0x20 0000001|0100110|00100011001010010|11110001|1110110010|111110101  0x00A6232978F65F5
0x21 0000001|0100111|00101011011110100|11111001|0000001100|111111111  0x00A72B7A7C819FF
0x22 0000001|0101000|00101110011100100|11111100|0000101100|000000100  0x00A82E727E05804
0x23 0000001|0101001|00111000010000100|00000111|0010010111|000010011  0x00A938420392E13
0x24 0000001|0101010|00100101011111100|11110010|1110101001|111100110  0x00AA257E79753E6
0x25 0000001|0101011|00100010111011000|11111000|1110001101|111101111  0x00AB22EC7C71BEF
0x26 0000001|0101100|00101111100110010|00010111|0000010110|000011001  0x00AC2F990B82C19
0x27 0000001|0101101|00110000010010010|00100110|0000011110|000101101  0x00AD30491303C2D
0x28 0000001|0101110|00100110111111010|11100010|1110101100|111101011  0x00AE26FD71759EB
BX = 111 Event : 64
0x00 0000001|0000001|00101000010111000|11111000|0000100010|111111011  0x0081285C7C045FB
0x01 0000001|0000010|00110100011101000|00001111|0011001001|111111111  0x0082347407993FF
0x02 0000001|0000011|00110000001110010|10111011|0001101100|110111001  0x008330395D8D9B9
0x03 0000001|0000100|00110000110001010|10111011|0001110101|110111001  0x008430C55D8EBB9
0x04 0000001|0000101|00110011110100000|11000110|0001000000|111000100  0x008533D063081C4
0x05 0000001|0001010|00111010101100110|11001010|0010101000|111001100  0x008A3AB365151CC
0x06 0000001|0001011|00101000011010010|10111010|1111101100|110110111  0x008B28695D7D9B7
0x07 0000001|0001100|00111001010010110|11001000|0010010011|111001000  0x008C394B64127C8
0x08 0000001|0001101|00100111101111110|10111001|1111011110|110110101  0x008D27BF5CFBDB5
BX = 000 Event : 65
0x00 0000001|0000000|00101110011000110|00000100|0010110000|111111011  0x00802E6302161FB
0x01 0000001|0000001|00111110011011100|00000101|0101010100|111111100  0x00813E6E02AA9FC
0x02 0000001|0000010|00110000011010100|00000111|0011000101|111111111  0x0082306A0398BFF
0x03 0000001|0000011|00110000111111010|00001001|0011001011|000000010  0x008330FD0499602
0x04 0000001|0000100|00110000100110110|00001110|0011000111|000001000  0x0084309B0718E08
0x05 0000001|0000101|00110001010100010|00010101|0011001110|000010001  0x008531510A99C11
0x06 0000001|0000110|00101111011110000|00011100|0010111011|000011011  0x00862F780E1761B
0x07 0000001|0000111|00101111011110000|00100011|0010111011|000100011  0x00872F781197623
0x08 0000001|0001000|00110010111001010|00100111|0011011110|000101000  0x008832E5139BC28
0x09 0000001|0001001|00101011110101110|00101000|0010010110|000101001  0x00892BD71412C29
0x0a 0000001|0001010|00110101110000100|10110100|0011111001|110110101  0x008A35C25A1F3B5
0x0b 0000001|0001011|00110110011001100|10110011|0100000011|110110011  0x008B366659A07B3
0x0c 0000001|0001100|00101011100111010|11000010|0001010010|111010011  0x008C2B9D610A5D3
0x0d 0000001|0001101|00100100100100100|10111011|1111011101|111000100  0x008D24925DFBBC4
0x0e 0000001|0001110|00101101100011010|00000100|0000111001|111110111  0x008E2D8D02073F7
0x0f 0000001|0001111|00101001111011000|00000011|0000000001|111110101  0x008F29EC01803F5
BX = 001 Event : 66
0x00 0000001|0000000|00100101101000010|00000101|0001000011|000000001  0x008025A10288601
0x01 0000001|0000001|00101101101101010|00101001|0010010101|000101111  0x00812DB51492A2F
0x02 0000001|0000010|00100111011110100|00000101|0001011111|000000001  0x0082277A028BE01
0x03 0000001|0000011|00101011111011110|00011111|0001111011|000011100  0x00832BEF0F8F61C
0x04 0000001|0000100|00110011000000010|10111000|0100001101|111000011  0x008433015C21BC3
0x05 0000001|0000101|00111110101101010|00101100|0101001011|000110011  0x00853EB51629633
0x06 0000001|0000110|00111011011111110|00100010|0100011011|000100000  0x00863B7F1123620
0x07 0000001|0000111|00100100111001010|01010101|1111101110|000111101  0x008724E52AFDC3D
0x08 0000001|0001000|00101111101101110|00100100|0001100111|000100100  0x00882FB7120CE24
0x09 0000001|0001001|00101111111011100|00101101|0001101001|000110001  0x00892FEE168D231
0x0a 0000001|0001010|00101101100011010|00100100|0001000101|000100011  0x008A2D8D1208A23
0x0b 0000001|0001011|00111110010010010|00100100|0011110011|000100011  0x008B3E49121E623
0x0c 0000001|0001100|00101101101111100|00101100|0001000111|000101110  0x008C2DBE1608E2E
0x0d 0000001|0001101|00101110000110000|00110100|0001001011|000111000  0x008D2E181A09638
0x0e 0000001|0001110|00101110100110110|00011100|0001010110|000010101  0x008E2E9B0E0AC15
0x0f 0000001|0001111|00111111000001000|00011100|0011111110|000010101  0x008F3F040E1FC15
0x10 0000001|0010000|00101110110010110|00100100|0001011000|000011111  0x00902ECB120B01F
0x11 0000001|0010001|00101111001100100|00101100|0001011100|000101001  0x00912F32160B829
0x12 0000001|0010010|00101011011011000|11011101|1111011110|111100101  0x00922B6C6EFBDE5
0x13 0000001|0010011|00101110000101110|00100001|1111111010|000011111  0x00932E1710FF41F
0x14 0000001|0010100|00101010101011010|00100101|1111010101|000100011  0x00942AAD12FAA23
0x15 0000001|0010101|00101000110101100|00010001|0000000001|000000110  0x009528D60880206
0x16 0000001|0010110|00101000110101100|00010001|0000000001|000000111  0x009628D60880207
0x17 0000001|0010111|00101001111000100|00011110|0000001101|000011000  0x009729E20F01A18
0x18 0000001|0011000|00111100010011010|00011110|0011010100|000011000  0x00983C4D0F1A818
0x19 0000001|0011001|00111000111011110|00100001|0010110000|000011101  0x009938EF109601D
0x1a 0000001|0011010|00101010000110010|00100111|0000001111|000100101  0x009A2A191381E25
0x1b 0000001|0011011|00101010010001010|00110000|0000010001|000110000  0x009B2A451802230
0x1c 0000001|0011110|00110100110111000|10111110|0001101000|111000111  0x009E34DC5F0D1C7
0x1d 0000001|0011111|00100101000101000|11111001|1110001100|111111011  0x009F25147CF19FB
0x1e 0000001|0100000|00101001000001100|00010011|0000000100|000001011  0x00A02906098080B
0x1f 0000001|0100001|00101001000001100|00010100|0000000100|000001011  0x00A129060A0080B
0x20 0000001|0100010|00101001111110000|00011111|0000001110|000011010  0x00A229F80F81C1A
0x21 0000001|0100011|00111010101001100|00011111|0010111011|000011011  0x00A33AA60F9761B
0x22 0000001|0100100|00110111100110010|00100010|0010011100|000011110  0x00A43799111381E
0x23 0000001|0100101|00101010001010000|00100111|0000010000|000100101  0x00A52A281382025
0x24 0000001|0100110|00101010010100010|00101111|0000010010|000101111  0x00A62A51178242F
0x25 0000001|0100111|00111111001100000|10001111|0011110001|110011100  0x00A73F30479E39C
0x26 0000001|0101000|00110100111101010|10111110|0001101010|111000110  0x00A834F55F0D5C6
0x27 0000001|0101001|00111100100010010|10110110|0010111110|110111100  0x00A93C895B17DBC
0x28 0000001|0101010|00111100010100010|10110110|0010111010|110111100  0x00AA3C515B175BC
BX = 010 Event : 67
0x00 0000001|0000000|00110111101001100|01100001|0101001010|001010110  0x008037A630A9456
0x01 0000001|0000001|00101110010111100|00100010|0011000000|000101011  0x00812E5E111802B
0x02 0000001|0000011|00110110101011100|00100101|0011011001|000011001  0x008336AE129B219
0x03 0000001|0000101|00110000111000110|11110110|0000100011|111111101  0x008530E37B047FD
0x04 0000001|0000110|00111000110110010|11111011|0010101101|111101111  0x008638D97D95BEF
0x05 0000001|0000111|00111000001110010|11111011|0010100110|111101111  0x008738397D94DEF
0x06 0000001|0001000|00101111111101000|11100101|0000010101|111011100  0x00882FF47282BDC
0x07 0000001|0001001|00101100001010100|00001100|1111101101|000001111  0x00892C2A067DA0F
0x08 0000001|0001010|00101011100111010|00001100|1111100111|000001111  0x008A2B9D067CE0F
0x09 0000001|0001011|00110001110101100|11100100|0000110010|111011010  0x008B31D672065DA
0x0a 0000001|0001100|00101110001010100|00001011|0000001011|000001100  0x008C2E2A058160C
0x0b 0000001|0001101|00101101100111100|00001011|0000000110|000001100  0x008D2D9E0580C0C
0x0c 0000001|0001110|00110110001101100|00001010|0010000101|000001011  0x008E36360510A0B
0x0d 0000001|0001111|00110101101010100|00001010|0010000000|000001011  0x008F35AA051000B
0x0e 0000001|0010000|00110001110110000|00001000|0001000011|000001000  0x009031D80408608
0x0f 0000001|0010001|00110001010010100|00001000|0000111110|000001000  0x0091314A0407C08
0x10 0000001|0010010|00100111000001010|00110010|1111101100|000110010  0x00922705197D832
0x11 0000001|0010100|00110011101101010|10101111|0001011000|110111110  0x009433B5578B1BE
BX = 011 Event : 68
0x00 0000001|0000000|00101111010100110|00100101|0010110111|000101011  0x00802F531296E2B
0x01 0000001|0000001|00111101000000100|10101011|0011011101|110101011  0x00813D02559BBAB
BX = 100 Event : 69
0x00 0000001|0000010|00100111100001010|11011011|0000010000|111010110  0x008227856D821D6
0x01 0000001|0000011|00101001111000110|11011000|0000110100|111010000  0x008329E36C069D0
BX = 101 Event : 70
0x00 0000001|0000011|00101101101000010|00100010|0011001100|000011111  0x00832DA1111981F
0x01 0000001|0000100|00111010010110100|10101100|0011001100|110101010  0x00843A5A56199AA
0x02 0000001|0000101|00111010010111110|10101101|0011001100|110101011  0x00853A5F56999AB
0x03 0000001|0000111|00110110001111110|01000110|0001011101|000110001  0x0087363F230BA31
BX = 110 Event : 71
0x00 0000001|0000000|00100111110000000|01000000|0001001100|001000011  0x008027C02009843
0x01 0000001|0000001|00100111000100100|01000100|0001000101|001001000  0x008127122208A48
0x02 0000001|0000010|00111000001011010|00011100|0011110100|000010101  0x0082382D0E1E815
0x03 0000001|0000011|00101000010010100|00111011|0000100010|000110110  0x0083284A1D84436
0x04 0000001|0000100|00100100100000010|11101010|1111100001|111110011  0x00842481757C3F3
0x05 0000001|0000101|00101011001010010|11110010|0000100110|111111101  0x00852B297904DFD
0x06 0000001|0000110|00100010110000100|11100000|1110100110|111011100  0x008622C27074DDC
0x07 0000001|0000111|00111111100110100|10101011|0011110010|110110101  0x00873F9A559E5B5
0x08 0000001|0001000|00111100011000010|10101011|0011000000|110110101  0x00883C6155981B5
0x09 0000001|0001001|00110010100001110|10101001|0000100101|110110000  0x008932875484BB0
0x0a 0000001|0001010|00110010001010100|10101000|0000011111|110101111  0x008A322A5403FAF
0x0b 0000001|0001100|00111010101101110|10101011|0010100110|110110101  0x008C3AB75594DB5
BX = 111 Event : 72
0x00 0000001|0000000|00110010110100010|01010101|0100011111|001010100  0x008032D12AA3E54
0x01 0000001|0000001|00101001110111010|00110101|1111000001|000111001  0x008129DD1AF8239
0x02 0000001|0000011|00101011001101000|11010111|1111001011|111010110  0x00832B346BF97D6
0x03 0000001|0000100|00100100001111100|11100101|1110000010|111101001  0x0084243E72F05E9
0x04 0000001|0000101|00100101101110010|11111000|1110010010|000000001  0x008525B97C72401
BX = 000 Event : 73
0x00 0000001|0000000|00101000110001100|11010100|0010000000|111010100  0x008028C66A101D4
0x01 0000001|0000001|00111110001001000|11101110|0101011010|111110110  0x00813E24772B5F6
0x02 0000001|0000011|00101101011110100|10000100|0011001000|110010010  0x00832D7A4219192
0x03 0000001|0000100|00101101110000010|10000011|0011001100|110010001  0x00842DC14199991
0x04 0000001|0000101|00100100110111100|11110011|1111011110|111111111  0x008524DE79FBDFF
0x05 0000001|0000110|00100100100000010|11110010|1111011001|111111101  0x00862481797B3FD
0x06 0000001|0000111|00101001011011000|00010010|0000110001|000010110  0x0087296C0906216
0x07 0000001|0001001|00110100000011000|11100011|0001111011|111101010  0x0089340C718F7EA
0x08 0000001|0001010|00110011101101000|11100010|0001110110|111101000  0x008A33B4710EDE8
0x09 0000001|0001111|00100011100101010|11100011|1111001011|111100001  0x008F239571F97E1
0x0a 0000001|0010000|00101111100100000|11011010|0000110110|111011010  0x00902F906D06DDA
0x0b 0000001|0010001|00110010110101000|11010100|0001101000|111001101  0x009132D46A0D1CD
0x0c 0000001|0010100|00111110011011110|10101001|0011010101|110101101  0x00943E6F549ABAD
BX = 001 Event : 74
0x00 0000001|0000000|00101010101000010|00011110|0010101111|000010100  0x00802AA10F15E14
0x01 0000001|0000001|00101111100000110|00010000|0011100001|000000010  0x00812F83081C202
0x02 0000001|0000010|00101010100011010|00100000|0010101110|000010111  0x00822A8D1015C17
0x03 0000001|0000011|00101000100010100|00000000|0001010111|111110100  0x0083288A000AFF4
0x04 0000001|0000100|00101010110111000|00000100|0001101111|111111000  0x00842ADC020DFF8
0x05 0000001|0000101|00101111001111010|00000100|0010011101|111111001  0x00852F3D0213BF9
0x06 0000001|0000110|00101011011011010|00000101|0001110101|111111011  0x00862B6D028EBFB
0x07 0000001|0000111|00101011000011010|00001010|0001110001|000000001  0x00872B0D050E201
0x08 0000001|0001000|00101011110110110|00010001|0001111010|000001010  0x00882BDB088F40A
0x09 0000001|0001001|00101000111000100|00011010|0001011011|000010110  0x008928E20D0B616
0x0a 0000001|0001010|00101101001111010|00100011|0010001000|000100010  0x008A2D3D1191022
0x0b 0000001|0001011|00100110010100010|00100100|0001000000|000100011  0x008B26511208023
0x0c 0000001|0001100|00110001100000110|00110011|0010110100|000110110  0x008C31831996836
0x0d 0000001|0001101|00101011100001110|00000001|0001111010|111110011  0x008D2B87008F5F3
0x0e 0000001|0001110|00101111111010010|00000001|0010100111|111110011  0x008E2FE90094FF3
0x0f 0000001|0001111|00101100000110100|00000011|0010000000|111110101  0x008F2C1A01901F5
0x10 0000001|0010000|00101011101110010|00000111|0001111100|111111100  0x00902BB9038F9FC
0x11 0000001|0010001|00101100100001110|00001110|0010000100|000000101  0x00912C870710805
0x12 0000001|0010010|00111000111010110|00010111|0100000100|000010000  0x009238EB0BA0810
0x13 0000001|0010011|00101001100101110|00010111|0001100110|000010000  0x009329970B8CC10
0x14 0000001|0010100|00101101111010010|00100000|0010010010|000011100  0x00942DE9101241C
0x15 0000001|0010101|00100110111111010|00100001|0001001011|000011101  0x009526FD108961D
0x16 0000001|0010110|00110010001110010|00110000|0010111111|000110000  0x009632391817E30
0x17 0000001|0010111|00100110001000010|00011001|1111101000|000010100  0x009726210CFD014
0x18 0000001|0011000|00100100111001000|00011000|1111010101|000010010  0x009824E40C7AA12
0x19 0000001|0011001|00101101101101010|00000100|0000111011|111110111  0x00992DB502077F7
0x1a 0000001|0011010|00110110110011010|00010010|0010011111|000001011  0x009A36CD0913E0B
BX = 010 Event : 75
0x00 0000001|0000000|00111011001010100|00110011|0011101100|000110001  0x00803B2A199D831
0x01 0000001|0000001|00110001011110000|11110100|0000111111|000000000  0x008131787A07E00
0x02 0000001|0000010|00110010000001110|11110100|0001000101|000000000  0x008232077A08A00
0x03 0000001|0000011|00101011001100100|11110010|1111100000|111111100  0x00832B32797C1FC
0x04 0000001|0000100|00101100001000010|11110010|1111101010|111111100  0x00842C21797D5FC
0x05 0000001|0000101|00101110111110110|00001101|0000000110|000001100  0x00852EFB0680C0C
0x06 0000001|0000110|00101101010011110|00110011|1111100011|000111000  0x00862D4F19FC638
0x07 0000001|0001001|00101101001101110|11100001|1111111110|111011101  0x00892D3770FFDDD
0x08 0000001|0001010|00101101111011010|11100010|0000000110|111011110  0x008A2DED7100DDE
0x09 0000001|0001110|00111011000111110|00100011|0001111010|000100010  0x008E3B1F118F422
0x0a 0000001|0001111|00110100010100100|00100100|0000101111|000100010  0x008F34521205E22
0x0b 0000001|0010000|00111111100000100|00110011|0010101010|000111000  0x00903F821995438
0x0c 0000001|0010011|00111010000110000|00011111|0010001000|000011010  0x00933A180F9101A
BX = 011 Event : 76
0x00 0000001|0000001|00101000000000110|11001011|1111111100|111000111  0x0081280365FF9C7
0x01 0000001|0000010|00100111101000110|11001011|1111110110|111000110  0x008227A365FEDC6
BX = 100 Event : 77
0x00 0000001|0000000|00101110100100010|11000010|0011110000|111001101  0x00802E91611E1CD
0x01 0000001|0000001|00101110011000010|11000010|0011101110|111001110  0x00812E61611DDCE
0x02 0000001|0000011|00110011010111100|10101001|0100010110|110110010  0x0083335E54A2DB2
0x03 0000001|0000100|00110101111111100|10011111|0100111110|110100000  0x008435FE4FA7DA0
0x04 0000001|0000101|00100101111111100|00000110|1110101110|000000101  0x008525FE0375C05
0x05 0000001|0000110|00110001100011110|00100101|0000100111|000101101  0x0086318F1284E2D
BX = 101 Event : 78
0x00 0000001|0000000|00110110010011010|01111000|0100010000|001110010  0x0080364D3C22072
0x01 0000001|0000001|00111100010100010|00001100|0101011101|000001110  0x00813C51062BA0E
0x02 0000001|0000010|00111111100110000|00001011|0100001010|000000001  0x00823F9805A1401
0x03 0000001|0000011|00111010000001000|00101011|0011001101|000101101  0x00833A041599A2D
0x04 0000001|0000100|00101110110111000|00101011|0001010011|000101101  0x00842EDC158A62D
0x05 0000001|0000101|00111101110101010|00101101|0011110111|000110000  0x00853DD5169EE30
0x06 0000001|0000110|00110111000110000|01001010|0010110000|001001010  0x00863718251604A
0x07 0000001|0000111|00110101010101100|01001011|0010010100|001001100  0x00873556259284C
0x08 0000001|0001000|00111101100111000|00001111|0011101100|000001000  0x00883D9C079D808
0x09 0000001|0001001|00111000101100010|00101011|0010111001|000101101  0x008938B1159722D
0x0a 0000001|0001010|00101110110110000|00101011|0001010011|000101101  0x008A2ED8158A62D
0x0b 0000001|0001011|00111100000011110|00101101|0011011100|000101111  0x008B3C0F169B82F
BX = 110 Event : 79
0x00 0000001|0000000|00101100000100100|11100011|0011000000|111101100  0x00802C1271981EC
0x01 0000001|0000001|00101111101011000|11001111|0011100101|111010010  0x00812FAC679CBD2
0x02 0000001|0000010|00100111010011110|11001100|0001100110|111001101  0x0082274F660CDCD
0x03 0000001|0000011|00110000110100000|11010110|0011000111|111011010  0x008330D06B18FDA
0x04 0000001|0000100|00110100010000100|11001101|0011111011|111001000  0x00843442669F7C8
0x05 0000001|0000101|00110100010000100|11001101|0011111011|111001000  0x00853442669F7C8
0x06 0000001|0000110|00100011110100000|11110111|1111011011|111110100  0x008623D07BFB7F4
0x07 0000001|0001000|00111101101000010|00001001|0011100110|000001010  0x00883DA1049CC0A
0x08 0000001|0001010|00111011111110010|00001010|0011001101|000001100  0x008A3BF90519A0C
0x09 0000001|0001011|00111101110100110|01001011|0011100010|000110111  0x008B3DD3259C437
0x0a 0000001|0001100|00100100111011110|10010100|1111000111|110011100  0x008C24EF4A78F9C
0x0b 0000001|0001101|00100100010111110|10010011|1110111110|110011010  0x008D245F49F7D9A
0x0c 0000001|0001110|00111000111110010|11011001|0010101001|111011111  0x008E38F96C953DF
BX = 111 Event : 80
0x00 0000001|0000000|00110101000010010|11101110|0010101001|111110010  0x0080350977153F2
0x01 0000001|0000001|00110001011100100|11100000|0001110010|111010110  0x00813172700E5D6
0x02 0000001|0000010|00111110100011110|00000100|0011111010|000000110  0x00823E8F021F406
0x03 0000001|0000011|00100100011000100|11110010|1110101001|111111001  0x0083246279753F9
0x04 0000001|0000101|00111011000000100|01110111|0010001010|001011111  0x00853B023B9145F
0x05 0000001|0001001|00111010000010000|01110110|0001111011|001011110  0x00893A083B0F65E
BX = 000 Event : 81
0x00 0000001|0000000|00100111000100110|01001001|0010000000|000111100  0x00802713249003C
0x01 0000001|0000110|00101101000001110|11000011|0001001001|111000111  0x00862D0761893C7
0x02 0000001|0000111|00110000000100110|00001011|0000010010|000001010  0x00873013058240A
0x03 0000001|0001000|00110000000100110|00001000|0000010010|000000011  0x008830130402403
0x04 0000001|0001001|00110011111110010|00000101|0001001101|111111101  0x008933F90289BFD
0x05 0000001|0001100|00100110111010110|10111111|1111100100|111000000  0x008C26EB5FFC9C0
0x06 0000001|0001101|00111011111000110|11010111|0011000000|111100001  0x008D3BE36B981E1
0x07 0000001|0001110|00100011101001000|10111110|1110101110|110111111  0x008E23A45F75DBF
0x08 0000001|0001111|00111011100100000|11010110|0010111100|111100000  0x008F3B906B179E0
0x09 0000001|0010000|00100011001111110|10111110|1110100111|110111110  0x0090233F5F74FBE
0x0a 0000001|0010001|00101101010110100|11001100|1111100101|111001101  0x00912D5A667CBCD
0x0b 0000001|0010010|00111100110001110|00000010|0011001111|111110111  0x00923CC70119FF7
BX = 001 Event : 82
0x00 0000001|0000100|00110000000010010|11110001|0010011110|111111100  0x008430097893DFC
0x01 0000001|0000110|00110001100011010|00100001|0000011001|000010001  0x0086318D1083211
BX = 010 Event : 83
0x00 0000001|0000001|00111010100001110|01000110|0011010011|001000111  0x00813A87231A647
0x01 0000001|0000010|00100010110011100|00001101|1110110100|111111111  0x008222CE06F69FF
0x02 0000001|0000011|00110011000011010|01001000|0001011100|001001010  0x0083330D240B84A
BX = 011 Event : 84
0x00 0000001|0000000|00110000011010000|00110010|0011011100|000100010  0x00803068191B822
0x01 0000001|0000001|00110111011111000|01100011|0100100110|001100010  0x0081377C31A4C62
0x02 0000001|0000010|00100100100010000|01011101|0000000110|001011000  0x008224882E80C58
0x03 0000001|0000011|00110001111110010|11011011|0000100111|111100001  0x008331F96D84FE1
BX = 100 Event : 85
0x00 0000001|0000000|00110110110011010|00110011|0011111011|000101100  0x008036CD199F62C
0x01 0000001|0000001|00100101111100010|00001000|0001011100|000010010  0x008125F1040B812
BX = 101 Event : 86
0x00 0000001|0000000|00101101110110000|11110000|0001100111|111110001  0x00802DD8780CFF1
0x01 0000001|0000001|00101111101011110|11111000|0001111100|111111011  0x00812FAF7C0F9FB
0x02 0000001|0000010|00100100100001010|00100111|1111011011|000011010  0x0082248513FB61A
0x03 0000001|0000011|00100110011011110|00101000|1111101111|000011011  0x0083266F147DE1B
0x04 0000001|0000100|00110000100101010|00101111|0010001100|000101010  0x00843095179182A
0x05 0000001|0000101|00110001001101110|00110010|0010010011|000101101  0x00853137191262D
0x06 0000001|0000110|00110110010110010|00100110|0011010001|000101011  0x00863659131A22B
0x07 0000001|0000111|00110100001110100|00010001|0010110001|000000011  0x0087343A0896203
0x08 0000001|0001000|00111111011010000|11100001|0101010001|111101110  0x00883F6870AA3EE
0x09 0000001|0001010|00100011101101000|00000010|1110000011|000001110  0x008A23B4017060E
0x0a 0000001|0001011|00100101101100100|11010001|1111000111|111001101  0x008B25B268F8FCD
0x0b 0000001|0001100|00101010011000010|11111101|1111111000|000000111  0x008C2A617EFF007
0x0c 0000001|0001101|00100010100010000|11110001|1101110010|111101111  0x008D228878EE5EF
0x0d 0000001|0001110|00101000001010000|11101001|1111010110|111100001  0x008E282874FADE1
0x0e 0000001|0001111|00101011011001010|11101101|1111111000|111100111  0x008F2B6576FF1E7
0x0f 0000001|0010000|00101100000011010|11101001|0000010010|111100001  0x00902C0D74825E1
0x10 0000001|0010011|00111100001111000|00000100|0010000011|000010000  0x00933C3C0210610
BX = 110 Event : 87
0x00 0000001|0000001|00110111010011010|11110001|0010101011|111110000  0x0081374D78957F0
0x01 0000001|0000010|00110111010011010|11110001|0010101011|111110001  0x0082374D78957F1
0x02 0000001|0000011|00101100001101100|11111111|0000110010|000000100  0x00832C367F86404
0x03 0000001|0000100|00101100100110100|11111111|0000110111|000000100  0x00842C9A7F86E04
0x04 0000001|0000101|00111010011101110|01001010|0100011000|001000000  0x00853A772523040
0x05 0000001|0000110|00111001010011010|11111010|0011111000|111111011  0x0086394D7D1F1FB
0x06 0000001|0000111|00111000111111010|11111011|0011110101|111111011  0x008738FD7D9EBFB
0x07 0000001|0001000|00100010000100110|10100111|1110001010|110100101  0x0088221353F15A5
0x08 0000001|0001001|00100111001101100|11110010|1110110111|111110011  0x008927367976FF3
0x09 0000001|0001010|00100111001101100|11110011|1110110111|111110011  0x008A273679F6FF3
0x0a 0000001|0001011|00101000000001000|00010000|1110111111|000011001  0x008B28040877E19
0x0b 0000001|0001100|00101000011101010|00010001|1111000100|000011010  0x008C287508F881A
0x0c 0000001|0001110|00110111110100010|11001011|0001110000|111011000  0x008E37D1658E1D8
BX = 111 Event : 88
0x00 0000001|0000000|00101111110010110|00000100|0010111110|000000100  0x00802FCB0217C04
0x01 0000001|0000010|00111101101101000|11101011|0100001000|111101101  0x00823DB475A11ED
0x02 0000001|0000011|00111001101010110|11111000|0011001010|000000101  0x008339AB7C19405
0x03 0000001|0000100|00110111110000100|11101111|0010101101|111110101  0x008437C27795BF5
0x04 0000001|0000101|00111101101111010|11101011|0100001000|111101101  0x00853DBD75A11ED
BX = 000 Event : 89
0x00 0000001|0000000|00110101110000110|00100100|0011110111|000011101  0x008035C3121EE1D
0x01 0000001|0000010|00101111000111000|11110101|0010001110|111101101  0x00822F1C7A91DED
0x02 0000001|0000011|00101101001001110|11111110|0001111010|111111000  0x00832D277F0F5F8
0x03 0000001|0000100|00101100011101000|11111110|0001110011|111111000  0x00842C747F0E7F8
0x04 0000001|0000101|00100111101111000|11111110|0001000011|111111000  0x008527BC7F087F8
0x05 0000001|0000110|00110101101000100|00101111|0010111101|000101110  0x008635A21797A2E
0x06 0000001|0000111|00111011101010110|11110100|0100001110|111101100  0x00873BAB7A21DEC
0x07 0000001|0001000|00100100011110000|00000001|1110101010|000000100  0x0088247800F5404
0x08 0000001|0001001|00111101011110000|01111001|0010111001|001110011  0x00893D783C97273
BX = 001 Event : 90
0x00 0000001|0000110|00110101101111000|00000000|0010001001|111111011  0x008635BC00113FB
0x01 0000001|0000111|00111000000001100|00011110|0010100010|000100100  0x008738060F14424
0x02 0000001|0001000|00111000000001100|00011110|0010100010|000100101  0x008838060F14425
0x03 0000001|0001001|00101110111110000|00010000|0000100001|000011011  0x00892EF8080421B
0x04 0000001|0001010|00101011000001100|11011100|0000100000|111101101  0x008A2B066E041ED
BX = 010 Event : 91
0x00 0000001|0000010|00100100010101000|01010100|1111100100|001001001  0x008224542A7C849
0x01 0000001|0000011|00100110100001000|11011011|0000000000|111011001  0x008326846D801D9
0x02 0000001|0000100|00100110000010110|11011011|1111111000|111011001  0x0084260B6DFF1D9
0x03 0000001|0000101|00100110011000100|11010100|1111111101|111001011  0x008526626A7FBCB
0x04 0000001|0000110|00100011110010110|00100101|1110100011|000100111  0x008623CB12F4627
BX = 011 Event : 92
0x00 0000001|0000001|00100111110101110|00011101|1111000011|000100110  0x008127D70EF8626
0x01 0000001|0000010|00100011100011010|00000100|1110000001|111110110  0x0082238D02703F6
0x02 0000001|0000011|00100011000101000|00000101|1101111001|111111000  0x0083231402EF3F8
0x03 0000001|0000101|00111010011111000|11000100|0011000000|111010001  0x00853A7C62181D1
BX = 100 Event : 93
0x00 0000001|0000000|00101100001001010|11101000|0001011111|111101100  0x00802C25740BFEC
0x01 0000001|0000001|00101110010011100|11110101|0001110110|111111101  0x00812E4E7A8EDFD
0x02 0000001|0000100|00111010000110110|01000010|0001111110|001000101  0x00843A1B210FC45
BX = 101 Event : 94
0x00 0000001|0000000|00101011111000100|00010110|0011000101|000001010  0x00802BE20B18A0A
0x01 0000001|0000001|00110110011011010|00100010|0011110001|000011111  0x0081366D111E21F
0x02 0000001|0000010|00101010111010000|11011011|0000110100|111011000  0x00822AE86D869D8
0x03 0000001|0000011|00101000000010010|11110000|0000010101|111110100  0x008328097802BF4
0x04 0000001|0000100|00100101011110000|11101111|1111101101|111110010  0x0084257877FDBF2
0x05 0000001|0000101|00101001010011000|11011001|0000011100|111010011  0x0085294C6C839D3
0x06 0000001|0000110|00100110111001110|11101011|0000000011|111101010  0x008626E775807EA
0x07 0000001|0000111|00101110011111110|00100010|0001111000|000011111  0x00872E7F110F01F
0x08 0000001|0001010|00110101001101110|01110110|0010010100|001101101  0x008A35373B1286D
0x09 0000001|0001011|00111100001110010|01110100|0100000000|001101001  0x008B3C393A20069
0x0a 0000001|0001110|00111000110011110|00100100|0010100100|000101000  0x008E38CF1214828
0x0b 0000001|0001111|00110001100101110|01110110|0001011101|001101101  0x008F31973B0BA6D
BX = 110 Event : 95
0x00 0000001|0000000|00100011101100110|10001110|1111010010|110011001  0x008023B3477A599
0x01 0000001|0000001|00110010001001000|11011001|0010011110|111101010  0x008132246C93DEA
0x02 0000001|0000010|00100111111011100|11010111|1111111000|111100111  0x008227EE6BFF1E7
BX = 111 Event : 96
0x00 0000001|0000000|00100111010110110|11100011|0001111100|111101101  0x0080275B718F9ED
0x01 0000001|0000001|00101100000100100|11100011|0011000000|111101100  0x00812C1271981EC
0x02 0000001|0000010|00100011110010010|10110011|1111100110|110111111  0x008223C959FCDBF
0x03 0000001|0000011|00111101000000010|11000101|0011110001|111011000  0x00833D01629E3D8
0x04 0000001|0000100|00111101101111110|11000100|0011111101|111010111  0x00843DBF621FBD7
0x05 0000001|0000101|00111110100111000|11000100|0100001011|111010110  0x00853E9C62217D6
0x06 0000001|0000110|00111110111010110|00010011|0011111001|000011101  0x00863EEB099F21D
0x07 0000001|0000111|00111110101010100|00010000|0011110110|000010111  0x00873EAA081EC17
0x08 0000001|0001000|00101110110000000|00001100|0000000110|000010000  0x00882EC00600C10
0x09 0000001|0001010|00110001000001010|00001001|0000101000|000001010  0x008A3105048500A
0x0a 0000001|0001011|00111000010000010|11111001|0010010101|111101100  0x008B38417C92BEC
0x0b 0000001|0001110|00111110111001100|01001101|0011011010|001001001  0x008E3EE6269B449
0x0c 0000001|0001111|00111101110010000|01001101|0011001000|001001011  0x008F3DC8269904B
BX = 000 Event : 97
0x00 0000001|0000000|00110000110011010|10010100|0011110110|110100111  0x008030CD4A1EDA7
0x01 0000001|0000001|00101010000001010|11100010|0001000101|111100110  0x00812A057108BE6
0x02 0000001|0000010|00101000100000100|11011001|0000101110|111010101  0x008228826C85DD5
0x03 0000001|0000100|00100101100100110|00000001|1110010110|111110100  0x0084259300F2DF4
0x04 0000001|0000101|00101001001100110|00000101|1111001110|111111100  0x0085293302F9DFC
0x05 0000001|0000110|00111001111100100|00101011|0001110110|000101101  0x008639F2158EC2D
0x06 0000001|0000111|00111111000000110|00010111|0011000011|000000111  0x00873F030B98607
0x07 0000001|0001001|00111011011011000|00101011|0010001100|000101100  0x00893B6C159182C
0x08 0000001|0001010|00111110000101010|00111010|0010101000|001000000  0x008A3E151D15040
BX = 001 Event : 98
0x00 0000001|0000000|00111000010001000|10100110|0100110011|110101111  0x0080384453267AF
0x01 0000001|0000010|00111110110100110|10110011|0011001001|111000000  0x00823ED359993C0
BX = 010 Event : 99
0x00 0000001|0000000|00101011101010010|00100100|0011000100|000011111  0x00802BA9121881F
0x01 0000001|0000001|00111100010100010|00001100|0101011101|000001110  0x00813C51062BA0E
0x02 0000001|0000010|00110001001001110|00001011|0010110111|000001100  0x008231270596E0C
0x03 0000001|0000011|00110111001110010|00010100|0100111001|000001011  0x008337390A2720B
0x04 0000001|0000101|00101110110111000|00101011|0001010011|000101101  0x00852EDC158A62D
0x05 0000001|0000110|00111101110101010|00101101|0011110111|000110000  0x00863DD5169EE30
0x06 0000001|0000111|00101110110110000|00101011|0001010011|000101101  0x00872ED8158A62D
0x07 0000001|0001000|00111100000011110|00101101|0011011100|000101111  0x00883C0F169B82F
0x08 0000001|0001001|00100010111000100|11000111|1110011011|111000111  0x008922E263F37C7
0x09 0000001|0001010|00100011001010010|11001110|1110100000|111010101  0x008A232967741D5
BX = 011 Event : 100
0x00 0000001|0000000|00100100001101010|00100100|1111100010|000011101  0x00802435127C41D
0x01 0000001|0000001|00110100010101010|00110010|0001000111|000111001  0x008134551908E39
0x02 0000001|0000100|00110100011000110|11111010|0001110100|111111001  0x008434637D0E9F9
0x03 0000001|0000101|00100111001100000|11111001|1110101001|111111000  0x008527307CF53F8
0x04 0000001|0000110|00110100000110110|00101011|0001000100|000101011  0x0086341B158882B
0x05 0000001|0001000|00111111111100010|00101110|0011000110|000110011  0x00883FF11718C33
0x06 0000001|0001010|00111110011100100|00100111|0010101111|000100110  0x008A3E721395E26
