BX = 000 Event : 1
0x00 0000011|0000000|01000011011010000|00110001|0000011001|000100011  0x018043681883223
0x01 0000011|0000001|01000011011010000|00110001|0000011001|000100100  0x018143681883224
0x02 0000011|0000011|01001110110010100|01011011|0000000101|001001001  0x01834ECA2D80A49
0x03 0000011|0000101|01000011101011110|00101001|1111010011|000010101  0x018543AF14FA615
0x04 0000011|0000110|01011111000010110|01010011|0010101011|000111110  0x01865F0B299563E
0x05 0000011|0000111|01011110101101100|01001110|0010101000|000111000  0x01875EB62715038
0x06 0000011|0001010|01010011001010000|00000011|1111100100|111111010  0x018A532801FC9FA
0x07 0000011|0001011|01100100101001000|00100000|0001101101|000010111  0x018B64A4100DA17
0x08 0000011|0001100|01100100000100010|00100110|0001101000|000011100  0x018C6411130D01C
BX = 001 Event : 2
0x00 0000011|0000000|01011101010111100|10011011|0011000101|110111101  0x01805D5E4D98BBD
0x01 0000011|0000011|01100110011111100|10110101|0011001100|111001011  0x0183667E5A999CB
0x02 0000011|0000100|01100100100111010|10110010|0010111010|111000111  0x0184649D59175C7
0x03 0000011|0000101|01000110110000000|10111010|1110101101|111000111  0x018546C05D75BC7
0x04 0000011|0000111|01100010101001110|00011011|0010001100|000001100  0x018762A70D9180C
0x05 0000011|0001000|01010100101110010|00111100|0000100000|000101100  0x018854B91E0402C
0x06 0000011|0001001|01011101010010110|01010101|0001100011|001000101  0x01895D4B2A8C645
0x07 0000011|0001010|01000001111000100|00111011|1101010000|000100100  0x018A41E21DEA024
0x08 0000011|0001011|01000011000000100|01010100|1101011001|000111110  0x018B43022A6B23E
BX = 010 Event : 3
0x00 0000011|0000001|01001001010111010|01000111|0000100100|000100111  0x0181495D2384827
0x01 0000011|0000010|01011001100101110|01110111|0010100010|001010110  0x018259973B94456
0x02 0000011|0000111|01110001110111000|11011110|0100000110|111101100  0x018771DC6F20DEC
0x03 0000011|0001000|01100010011001000|11101110|0010000010|111111110  0x0188626477105FE
0x04 0000011|0001001|01101001011011000|11101100|0010111000|111111100  0x0189696C76171FC
BX = 011 Event : 4
0x00 0000011|0000000|01000100000110010|11100100|0000000001|111101010  0x0180441972003EA
0x01 0000011|0000010|01110011100111100|00010000|0101010000|000000011  0x0182739E082A003
0x02 0000011|0001011|01001000010111110|11110100|1111010011|111111100  0x018B485F7A7A7FC
0x03 0000011|0001101|01001000110011100|11101111|1111011000|111110110  0x018D48CE77FB1F6
0x04 0000011|0001111|01001011010111110|11101011|1111110001|111110001  0x018F4B5F75FE3F1
0x05 0000011|0010001|01000101011010100|11011010|1110110110|111011100  0x0191456A6D76DDC
0x06 0000011|0010010|01001111010010010|11100101|0000000011|111100111  0x01924F4972807E7
0x07 0000011|0010110|01110100100011010|11001001|0100101010|111010011  0x0196748D64A55D3
0x08 0000011|0010111|01110011000100110|11101110|0100011111|111110111  0x019773137723FF7
0x09 0000011|0011000|01110101011100100|11100010|0100110100|111101001  0x0198757271269E9
0x0a 0000011|0011001|01011011000010100|00010001|0001011001|000001011  0x01995B0A088B20B
0x0b 0000011|0011010|01011001110000010|00010000|0001001100|000001010  0x019A59C1080980A
0x0c 0000011|0011011|01110110011111000|10110000|0100111001|111001010  0x019B767C58273CA
0x0d 0000011|0011101|01001000111100010|11100110|1111000101|111101000  0x019D48F17378BE8
0x0e 0000011|0100100|01010001100010010|11001000|1111010001|111010001  0x01A45189647A3D1
0x0f 0000011|0100101|01001001110100100|11001001|1110010100|111010010  0x01A549D264F29D2
0x10 0000011|0100110|01011001101101110|11010101|0000010001|111011110  0x01A659B76A823DE
0x11 0000011|0100111|01010010101001000|00011100|0000000110|000011001  0x01A752A40E00C19
0x12 0000011|0101000|01001010100101000|00011010|1110110101|000010110  0x01A84A940D76A16
0x13 0000011|0101001|01010110011110010|00011000|0000101100|000010100  0x01A956790C05814
0x14 0000011|0101011|01101000001100100|10111101|0010000010|111000110  0x01AB68325E905C6
0x15 0000011|0101100|01101101100111000|10111110|0010101100|111001000  0x01AC6D9C5F159C8
0x16 0000011|0101101|01011110011100110|11001110|0000110110|111010111  0x01AD5E736706DD7
BX = 100 Event : 5
0x00 0000011|0000011|01100111001110010|11001111|0100101000|111011000  0x0183673967A51D8
0x01 0000011|0001101|01000110000001100|11111010|1110110000|111110001  0x018D46067D761F1
0x02 0000011|0010000|01010001000001100|00010101|0000000110|000001011  0x019051060A80C0B
0x03 0000011|0010001|01011111011100100|00010110|0001110111|000001101  0x01915F720B0EE0D
0x04 0000011|0010010|01100001000101110|00010111|0010000100|000001101  0x019261170B9080D
0x05 0000011|0010011|01100000010100100|00011000|0001111110|000001111  0x019360520C0FC0F
0x06 0000011|0010100|01100110110101100|00011001|0010110001|000001111  0x019466D60C9620F
0x07 0000011|0011001|01111001000010110|01101010|0100100111|001010100  0x0199790B3524E54
BX = 101 Event : 6
0x00 0000011|0000000|01000010010011110|11101110|0000000011|111110001  0x0180424F77007F1
0x01 0000011|0000001|01000010110000100|11101110|0000000111|111110001  0x018142C27700FF1
BX = 110 Event : 7
0x00 0000011|0001010|01010100101010110|11000001|1111110111|111010011  0x018A54AB60FEFD3
0x01 0000011|0001011|01011000111010000|10111111|0000011001|111010000  0x018B58E85F833D0
0x02 0000011|0001100|01001110010000010|11000101|1111000010|111010110  0x018C4E4162F85D6
0x03 0000011|0001101|01010000001010100|11000110|1111010010|111011000  0x018D502A637A5D8
0x04 0000011|0001110|01110000101011100|10100011|0011011010|110110100  0x018E70AE519B5B4
BX = 111 Event : 8
0x00 0000011|0000000|01000000111100100|11110100|1111001101|111111001  0x018040F27A79BF9
0x01 0000011|0000010|01001010101110010|01100011|0000100001|001001111  0x01824AB9318424F
0x02 0000011|0000011|01001011111001000|00001111|0000100010|000010011  0x01834BE40784413
0x03 0000011|0000100|01010000001001100|00010001|0001000011|000010101  0x018450260888615
0x04 0000011|0001001|01011010010010000|10111011|0010010011|111001110  0x01895A485D927CE
0x05 0000011|0001010|01010110001100110|10110111|0001101010|111001001  0x018A56335B8D5C9
0x06 0000011|0001011|01101100000100100|00011100|0010111011|000010001  0x018B6C120E17611
BX = 000 Event : 9
0x00 0000011|0000000|01000101110101000|00110000|0000001001|000101011  0x018045D4180122B
0x01 0000011|0000001|01000100100000010|00010100|1111111100|000001000  0x018144810A7F808
0x02 0000011|0000110|01000100011111110|10100001|0000100000|110111100  0x0186447F50841BC
0x03 0000011|0000111|01110000001110010|11101101|0101001101|111101010  0x0187703976A9BEA
0x04 0000011|0001000|01101100000101000|00001110|0100101110|000001010  0x01886C140725C0A
0x05 0000011|0001001|01100100001101000|00010101|0011110010|000010000  0x018964340A9E410
0x06 0000011|0001010|01110000110011010|11101100|0101010010|111101001  0x018A70CD762A5E9
0x07 0000011|0001011|01101100101100000|00001101|0100110100|000001001  0x018B6CB006A6809
0x08 0000011|0001100|01100100110100000|00010011|0011111000|000001111  0x018C64D0099F00F
0x09 0000011|0001101|01100101011000110|01111100|0011110011|001001111  0x018D65633E1E64F
0x0a 0000011|0001111|01100110100110000|01110101|0011111111|001000110  0x018F66983A9FE46
0x0b 0000011|0011001|01011011110000010|11101001|0010000110|111100101  0x01995BC17490DE5
0x0c 0000011|0011010|01010110100010110|00001010|0001011110|000000101  0x019A568B050BC05
0x0d 0000011|0011011|01001110110110000|00010000|0000100010|000001011  0x019B4ED8080440B
0x0e 0000011|0011100|01000010000001100|00011111|1110111111|000011001  0x019C42060FF7E19
0x0f 0000011|0011101|01011011110000010|11101001|0010000110|111100101  0x019D5BC17490DE5
0x10 0000011|0011110|01010110100010110|00001001|0001011110|000000100  0x019E568B048BC04
0x11 0000011|0011111|01001110110110000|00010000|0000100010|000001011  0x019F4ED8080440B
0x12 0000011|0100000|01000010000001100|00011110|1110111111|000011001  0x01A042060F77E19
0x13 0000011|0100001|01001101111101110|00000011|0000001010|111111100  0x01A14DF701815FC
0x14 0000011|0100010|01000110010001010|00001001|1111001110|000000010  0x01A2464504F9C02
0x15 0000011|0100011|01101000000110010|00000000|0011100101|111111100  0x01A36819001CBFC
0x16 0000011|0100100|01111000001111010|00011100|0101011111|000010110  0x01A4783D0E2BE16
0x17 0000011|0100101|01101000000110010|00000000|0011100101|111111011  0x01A56819001CBFB
0x18 0000011|0100110|01111000001111010|00011100|0101011111|000010110  0x01A6783D0E2BE16
0x19 0000011|0100111|01011111011110010|11111001|0010010010|111110011  0x01A75F797C925F3
0x1a 0000011|0101000|01101111111011100|00010101|0100001111|000001110  0x01A86FEE0AA1E0E
0x1b 0000011|0101001|01100111010010100|10110110|0011000111|111010001  0x01A9674A5B18FD1
0x1c 0000011|0101010|01100001000100110|10101110|0010001010|111000111  0x01AA611357115C7
0x1d 0000011|0101011|01100101100000110|11001100|0010101101|111100101  0x01AB65836615BE5
0x1e 0000011|0101100|01100101001000000|10100111|0010110001|110111110  0x01AC652053963BE
0x1f 0000011|0101101|01101001101100000|11000111|0011010110|111011111  0x01AD69B0639ADDF
0x20 0000011|0101110|01110110111110000|10110100|0101010111|111001000  0x01AE76F85A2AFC8
0x21 0000011|0101111|01110000100001010|10101011|0100011001|110111100  0x01AF708555A33BC
0x22 0000011|0110001|01100011010111100|11101000|0010000101|111110100  0x01B1635E7410BF4
0x23 0000011|0110010|01010000011001110|11111111|1111111110|111111010  0x01B250677FFFDFA
0x24 0000011|0110011|01100001100001000|00011011|0010000010|000010101  0x01B361840D90415
0x25 0000011|0110100|01001001011000010|11110101|1110111001|111101110  0x01B449617AF73EE
0x26 0000011|0110101|01011011010110010|00010010|0001000101|000001010  0x01B55B590908A0A
0x27 0000011|0110111|01001010011100010|10110100|1110101000|111001110  0x01B74A715A751CE
0x28 0000011|0111000|01010111011101100|10011110|0000101010|110110011  0x01B857764F055B3
0x29 0000011|0111001|01011100000110100|10111100|0001001111|111010001  0x01B95C1A5E09FD1
0x2a 0000011|0111010|01111010100110000|00111100|0100111010|000101000  0x01BA7A981E27428
BX = 001 Event : 10
0x00 0000011|0000000|01010110110111110|11000000|0010100011|111011010  0x018056DF60147DA
0x01 0000011|0000001|01101100111000000|10110001|0101001101|111001100  0x01816CE058A9BCC
BX = 010 Event : 11
0x00 0000011|0000000|01101110000001100|01100100|0100111001|001000011  0x01806E063227243
0x01 0000011|0000011|01011000101000100|01101110|0001101010|001000100  0x018358A2370D444
BX = 011 Event : 12
0x00 0000011|0000010|01110000110000000|00101011|0101100011|000011111  0x018270C015AC61F
0x01 0000011|0000011|01100100010110000|01001000|0100000101|000111011  0x018364582420A3B
0x02 0000011|0000100|01011111100111110|00010111|0010111110|000000111  0x01845F9F0B97C07
0x03 0000011|0000101|01010010111010100|00110011|0001011100|000100010  0x018552EA198B822
0x04 0000011|0001001|01110100010011110|00101111|0101011011|000011110  0x0189744F17AB61E
0x05 0000011|0010001|01001110100101100|10010011|0000001001|110111101  0x01914E9649813BD
0x06 0000011|0010010|01001110010000100|10010100|0000000110|110111110  0x01924E424A00DBE
0x07 0000011|0010011|01011101011010000|01100100|0001111111|001001000  0x01935D68320FE48
0x08 0000011|0010100|01100100110010100|01100010|0011000111|001000101  0x019464CA3118E45
0x09 0000011|0010101|01111000010101100|01111001|0101100000|001010001  0x019578563CAC051
0x0a 0000011|0010110|01110111000110100|01110101|0101010101|001001100  0x0196771A3AAAA4C
0x0b 0000011|0011100|01000110111011110|10000011|1110100010|110110001  0x019C46EF41F45B1
BX = 100 Event : 13
0x00 0000011|0000001|01101110111000010|11101111|0100000000|111110100  0x01816EE177A01F4
0x01 0000011|0000010|01110100100110000|11101100|0100010101|111111100  0x018274987622BFC
0x02 0000011|0000011|01101100101010110|01011101|0010101001|001000110  0x01836CAB2E95246
BX = 101 Event : 14
0x00 0000011|0000010|01001010000010100|10101111|1111101001|111000000  0x01824A0A57FD3C0
0x01 0000011|0000011|01001000011001110|10110100|1111011100|111000100  0x018348675A7B9C4
0x02 0000011|0000100|01011010001111110|11000000|0010001011|111010101  0x01845A3F60117D5
0x03 0000011|0000101|01010111010100010|11000101|0001110011|111011010  0x01855751628E7DA
0x04 0000011|0000110|01011010011000010|11000000|0010001101|111010101  0x01865A616011BD5
0x05 0000011|0000111|01010111111100110|11000100|0001111010|111011010  0x018757F3620F5DA
0x06 0000011|0001000|01001011011000100|10111101|1111110110|111010010  0x01884B625EFEDD2
0x07 0000011|0001001|01001001100101010|11000010|1111101000|111010110  0x01894995617D1D6
0x08 0000011|0001010|01011001001001010|10101010|0001011110|110111011  0x018A5925550BDBB
0x09 0000011|0001011|01100000111001100|10100101|0010011010|110110110  0x018B60E652935B6
0x0a 0000011|0001100|01101001111110110|10101111|0011011111|111000000  0x018C69FB579BFC0
0x0b 0000011|0001101|01011011110011100|10110101|0001110010|111000110  0x018D5BCE5A8E5C6
0x0c 0000011|0001110|01101010010111010|00000000|0011011001|111111100  0x018E6A5D001B3FC
0x0d 0000011|0001111|01111001001110110|10001110|0101001110|110110001  0x018F793B4729DB1
0x0e 0000011|0010000|01111000110000110|10001111|0101001010|110110010  0x019078C347A95B2
0x0f 0000011|0010001|01111001100111100|10000111|0101010010|110101000  0x0191799E43AA5A8
0x10 0000011|0010010|01101111101111110|11000110|0100111010|111011100  0x01926FBF63275DC
0x11 0000011|0010011|01101100001010010|11000101|0100010110|111011011  0x01936C2962A2DDB
0x12 0000011|0010100|01011011001101100|10110110|0001110011|111001011  0x01945B365B0E7CB
0x13 0000011|0010101|01100100001111010|10110100|0010111010|111001001  0x0195643D5A175C9
0x14 0000011|0010110|01101101101101000|10111110|0100000100|111010011  0x01966DB45F209D3
0x15 0000011|0010111|01011110010100010|11000011|0010001100|111011000  0x01975E5161919D8
0x16 0000011|0011011|01011101010111110|10110000|0000110101|111001010  0x019B5D5F5806BCA
0x17 0000011|0011100|01001101100101000|10001001|1110111001|110100100  0x019C4D9444F73A4
0x18 0000011|0011101|01011101010101000|10110000|0000110101|111001010  0x019D5D545806BCA
0x19 0000011|0100000|01100100000100110|10011100|0001110110|110110010  0x01A064134E0EDB2
0x1a 0000011|0100011|01001011111100010|11000110|1110110010|111011101  0x01A34BF163765DD
0x1b 0000011|0100101|01000101010100010|10110111|1110001111|111001100  0x01A545515BF1FCC
0x1c 0000011|0100110|01001000001000110|10110101|1110100110|111001010  0x01A648235AF4DCA
0x1d 0000011|0100111|01010110011000010|11000000|0000011011|111010101  0x01A7566160037D5
0x1e 0000011|0101000|01000101110110010|11000110|1110010011|111011100  0x01A845D963727DC
0x1f 0000011|0101001|01101101000100000|10011011|0011001101|110110001  0x01A96D104D99BB1
0x20 0000011|0101010|01000111111001000|10111000|1110101001|111001110  0x01AA47E45C753CE
0x21 0000011|0101011|01001010111010110|10110111|1111000001|111001101  0x01AB4AEB5BF83CD
0x22 0000011|0101100|01010110011001100|11000000|0000011011|111010110  0x01AC566660037D6
0x23 0000011|0101101|01001000101000110|11000101|1110101111|111011011  0x01AD48A362F5FDB
0x24 0000011|0101110|01001100000011100|10110101|1111010101|111001010  0x01AE4C0E5AFABCA
0x25 0000011|0101111|01010000011101110|10110011|1111111000|111001000  0x01AF507759FF1C8
0x26 0000011|0110000|01011011110010000|10111101|0001010010|111010010  0x01B05BC85E8A5D2
0x27 0000011|0110001|01001101010100110|11000010|1111011111|111010111  0x01B14D53617BFD7
0x28 0000011|0110010|01100010111001010|10011011|0001100011|110110100  0x01B262E54D8C7B4
0x29 0000011|0110011|01011101100111110|10101111|0000111000|111001001  0x01B35D9F57871C9
0x2a 0000011|0110100|01100001110100100|10011111|0001011000|110111001  0x01B461D24F8B1B9
0x2b 0000011|0110101|01011101100010010|10101111|0000110111|111001010  0x01B55D895786FCA
0x2c 0000011|0110110|01100011101000100|10011101|0001110011|110110100  0x01B663A24E8E7B4
0x2d 0000011|0110111|01101011111001010|10011100|0011000100|110110011  0x01B76BE54E189B3
BX = 110 Event : 15
0x00 0000011|0000000|01000000100111100|11101100|1111110010|111101110  0x0180409E767E5EE
0x01 0000011|0000010|01001010010010010|10110011|0000111111|111001100  0x01824A495987FCC
0x02 0000011|0000011|01010010100100110|10111101|0010000001|111010110  0x018352935E903D6
0x03 0000011|0000100|01100100011101100|01010010|0100000000|000110110  0x018464762920036
0x04 0000011|0000101|01100011011000010|01001110|0011110101|000110010  0x01856361271EA32
0x05 0000011|0001110|01001011010011110|11011000|1110011110|111100110  0x018E4B4F6C73DE6
0x06 0000011|0001111|01010010001111100|00000010|1111101101|000001000  0x018F523E017DA08
0x07 0000011|0010000|01001001101101110|00000100|1110101010|000001010  0x019049B7027540A
0x08 0000011|0010001|01010100001011000|00001010|1111111011|000010000  0x0191542C057F610
0x09 0000011|0010010|01111010101101110|00100111|0100100110|000011100  0x01927AB713A4C1C
0x0a 0000011|0010011|01111010101101110|00100110|0100100110|000011100  0x01937AB71324C1C
BX = 111 Event : 16
0x00 0000011|0001000|01100110111111000|10001000|0011010101|110110000  0x018866FC441ABB0
0x01 0000011|0001001|01101011101110010|10000011|0100000011|110101010  0x01896BB941A07AA
0x02 0000011|0001010|01101011111111100|10000011|0100000101|110101010  0x018A6BFE41A0BAA
0x03 0000011|0001011|01101111101111100|11000001|0100001011|111011110  0x018B6FBE60A17DE
0x04 0000011|0001100|01110100000100100|11000000|0100110101|111011101  0x018C74126026BDD
0x05 0000011|0001101|01110010000010100|10111000|0100100001|111010011  0x018D720A5C243D3
0x06 0000011|0001110|01010001010100000|11110110|1111001111|111110011  0x018E51507B79FF3
0x07 0000011|0001111|01011111100001100|11110001|0001011100|111101101  0x018F5F86788B9ED
0x08 0000011|0010010|01001010001011100|10111011|1110010100|111010110  0x01924A2E5DF29D6
0x09 0000011|0010011|01011101111000000|10110101|0001011010|111001111  0x01935DE05A8B5CF
0x0a 0000011|0010100|01001011111001010|10110101|1110100110|111001111  0x01944BE55AF4DCF
BX = 000 Event : 17
0x00 0000011|0000000|01101011100000010|11000101|0101000011|111011111  0x01806B8162A87DF
0x01 0000011|0000001|01101001101111010|10111110|0100110001|111010111  0x018169BD5F263D7
0x02 0000011|0000010|01101000100110110|11001111|0100101001|111100111  0x0182689B67A53E7
0x03 0000011|0000011|01100000100101000|10111110|0011010101|111010110  0x018360945F1ABD6
0x04 0000011|0000100|01011110011110000|11001111|0011000100|111100111  0x01845E7867989E7
0x05 0000011|0001110|01101011000101110|11111100|0011010011|111111110  0x018E6B177E1A7FE
0x06 0000011|0001111|01110010100101010|11111111|0100001101|000000001  0x018F72957FA1A01
0x07 0000011|0010000|01101011000101110|11111100|0011010011|111111101  0x01906B177E1A7FD
0x08 0000011|0010001|01110010100101010|11111110|0100001101|000000000  0x019172957F21A00
0x09 0000011|0010010|01110110110011000|11101111|0101000100|111101110  0x019276CC77A89EE
0x0a 0000011|0010011|01110001000001110|00010111|0100001100|000001001  0x019371070BA1809
0x0b 0000011|0010100|01101000010100100|00101111|0010111000|000100110  0x019468521797026
0x0c 0000011|0010101|01110000010010000|00000101|0011110101|111111110  0x01957048029EBFE
0x0d 0000011|0010110|01001101100010110|01100011|1110110011|001000110  0x01964D8B31F6646
0x0e 0000011|0010111|01001010111011000|01100010|1110011110|001000101  0x01974AEC3173C45
BX = 001 Event : 18
0x00 0000011|0000000|01000100011010000|00000010|0000000000|000001010  0x01804468010000A
0x01 0000011|0000001|01000000011001110|01111011|1111010000|001001100  0x018140673DFA04C
0x02 0000011|0000010|01101101110001100|11100010|0101000000|111101011  0x01826DC671281EB
0x03 0000011|0000011|01101011100101000|11100100|0100101111|111101101  0x01836B947225FED
0x04 0000011|0000110|01001111000010100|00010101|0000100000|000010000  0x01864F0A0A84010
0x05 0000011|0000111|01001001011110100|00010100|1111101001|000001110  0x0187497A0A7D20E
0x06 0000011|0001000|01001110011110100|00010010|0000011010|000001100  0x01884E7A090340C
0x07 0000011|0001100|01010100101100100|11111010|1111101011|000000100  0x018C54B27D7D604
0x08 0000011|0001101|01111001011111100|11110101|0100111011|000000001  0x018D797E7AA7601
BX = 010 Event : 19
0x00 0000011|0000100|01110001100100110|10010010|0101000010|110110010  0x0184719349285B2
0x01 0000011|0000101|01110001110100100|10010010|0101000101|110110010  0x018571D24928BB2
0x02 0000011|0000110|01000100000100000|01010001|1110011100|001000000  0x0186441028F3840
0x03 0000011|0000111|01010001001000000|11001000|0000000100|111010110  0x0187512064009D6
0x04 0000011|0001000|01110100000110110|11000010|0100010001|111010001  0x0188741B61223D1
0x05 0000011|0001001|01010000111001010|10010111|0000000001|110111000  0x018950E54B803B8
0x06 0000011|0001010|01010000010101110|10001100|1111111011|110101010  0x018A5057467F7AA
BX = 011 Event : 20
0x00 0000011|0000010|01011000001111100|00001100|0001011011|000010010  0x0182583E060B612
0x01 0000011|0000011|01010111101111110|00001101|0001010111|000010011  0x018357BF068AE13
0x02 0000011|0000100|01011000001111100|00001100|0001011011|000010001  0x0184583E060B611
0x03 0000011|0000101|01010111101111110|00001101|0001010111|000010010  0x018557BF068AE12
0x04 0000011|0000110|01011011111000110|11101110|0001111111|111101100  0x01865BE3770FFEC
0x05 0000011|0000111|01011011011000100|11101111|0001111011|111101101  0x01875B62778F7ED
0x06 0000011|0001000|01000010111111000|01111000|1110110010|001001110  0x018842FC3C7644E
0x07 0000011|0001001|01110001011110000|11011000|0100001100|111100100  0x018971786C219E4
0x08 0000011|0001010|01110001011001000|11011000|0100001011|111100100  0x018A71646C217E4
0x09 0000011|0001011|01111001100100010|11000110|0101011001|111001110  0x018B7991632B3CE
0x0a 0000011|0001100|01111001100100010|11000101|0101011001|111001101  0x018C799162AB3CD
0x0b 0000011|0010001|01100100000111000|11100000|0010001011|111101101  0x0191641C70117ED
0x0c 0000011|0010010|01100000010111110|11100010|0001101110|111101111  0x0192605F710DDEF
0x0d 0000011|0010100|01100001010110010|01100100|0010000100|001000000  0x019461593210840
0x0e 0000011|0011000|01111011110111010|10011000|0101010110|110110001  0x01987BDD4C2ADB1
BX = 100 Event : 21
BX = 101 Event : 22
0x00 0000011|0000010|01000001000010000|00110100|1111101000|000011010  0x018241081A7D01A
0x01 0000011|0000011|01000011000100110|00111001|1111111000|000011111  0x018343131CFF01F
BX = 110 Event : 23
0x00 0000011|0000001|01001010000100000|11010001|0000101001|111011100  0x01814A1068853DC
0x01 0000011|0000011|01101111110110110|00011011|0100111100|000010100  0x01836FDB0DA7814
0x02 0000011|0000100|01011100110111100|10010111|0011001011|110111111  0x01845CDE4B997BF
0x03 0000011|0000101|01010111111110000|11100100|0001100101|111101100  0x018557F8720CBEC
0x04 0000011|0000110|01011001001101000|00100110|0001100000|000100010  0x01865934130C022
0x05 0000011|0000111|01010010100110100|00100010|0000011110|000011110  0x0187529A1103C1E
0x06 0000011|0001000|01100111101111100|00011111|0011101110|000011001  0x018867BE0F9DC19
0x07 0000011|0001001|01101000101101110|00011010|0011111000|000010100  0x018968B70D1F014
0x08 0000011|0001110|01111100111011100|11100010|0100100111|111101000  0x018E7CEE7124FE8
BX = 111 Event : 24
0x00 0000011|0000001|01101110111000110|00011001|0101100100|000001101  0x01816EE30CAC80D
0x01 0000011|0001000|01101000110011100|11100110|0010010101|111100011  0x018868CE7312BE3
BX = 000 Event : 25
0x00 0000011|0000011|01000110011010100|11001010|1111011000|111011010  0x0183466A657B1DA
0x01 0000011|0000100|01101000001001000|11110101|0011011100|111110100  0x018468247A9B9F4
0x02 0000011|0000101|01101000001001000|11110111|0011011100|111110110  0x018568247B9B9F6
0x03 0000011|0000110|01001011110011000|10000100|1111011010|110110001  0x01864BCC427B5B1
0x04 0000011|0001100|01010011100000010|11011110|1111100101|111100111  0x018C53816F7CBE7
0x05 0000011|0001110|01101010010101110|10100001|0010100001|111000000  0x018E6A5750943C0
BX = 001 Event : 26
0x00 0000011|0000000|01010111101101100|11100000|0010101001|111110000  0x018057B670153F0
0x01 0000011|0001110|01001010110101110|11000010|1110011101|111010000  0x018E4AD76173BD0
0x02 0000011|0001111|01001010110101110|11000011|1110011101|111010001  0x018F4AD761F3BD1
0x03 0000011|0010000|01000010000001110|10111111|1101011001|111001101  0x019042075FEB3CD
0x04 0000011|0010001|01001100011000000|11000011|1110101001|111010001  0x01914C6061F53D1
0x05 0000011|0010010|01001111100111100|00100110|1111011010|000100000  0x01924F9E137B420
0x06 0000011|0010011|01101111000010110|01011011|0011100111|000110111  0x01936F0B2D9CE37
0x07 0000011|0010100|01101110110001010|01011100|0011100101|000111000  0x01946EC52E1CA38
BX = 010 Event : 27
0x00 0000011|0000000|01100001010001110|00101111|0011111101|000011101  0x01806147179FA1D
0x01 0000011|0000001|01100001000101010|00110010|0011111011|000100000  0x01816115191F620
0x02 0000011|0000111|01110111000100110|11011110|0101011110|111110000  0x018777136F2BDF0
0x03 0000011|0001000|01101000010111000|11100001|0011101001|111110100  0x0188685C709D3F4
BX = 011 Event : 28
BX = 100 Event : 29
0x00 0000011|0000100|01110100010010110|00110001|0101010001|000100010  0x0184744B18AA222
0x01 0000011|0000101|01110100011010000|00110010|0101010010|000100010  0x01857468192A422
0x02 0000011|0000110|01101111011001110|10111000|0100010010|111011000  0x01866F675C225D8
0x03 0000011|0000111|01001010011000110|10110011|1111010000|111001000  0x01874A6359FA1C8
0x04 0000011|0001000|01111010110010100|10111000|0101001011|111001101  0x01887ACA5C297CD
0x05 0000011|0001001|01111010100011010|10111000|0101001001|111001101  0x01897A8D5C293CD
0x06 0000011|0001010|01111010110101100|10110111|0101001100|111001101  0x018A7AD65BA99CD
0x07 0000011|0001011|01111010101001000|10111000|0101001010|111001101  0x018B7AA45C295CD
BX = 101 Event : 30
0x00 0000011|0000000|01010101010101000|00000010|0001100001|000000010  0x01805554010C202
0x01 0000011|0000001|01011101100010010|00000100|0010100001|000000100  0x01815D890214204
0x02 0000011|0000100|01010101000110000|11010011|1111101110|111101010  0x0184551869FDDEA
0x03 0000011|0000110|01100000110011110|10010001|0001001101|110101000  0x018660CF4889BA8
BX = 110 Event : 31
0x00 0000011|0000000|01011101001101010|01111000|0010000110|001011100  0x01805D353C10C5C
BX = 111 Event : 32
0x00 0000011|0000100|01001101000001110|10001100|0000100001|110111000  0x01844D0746043B8
0x01 0000011|0000101|01100111110101110|01001111|0011000110|000110001  0x018567D72798C31
0x02 0000011|0000110|01100100001001110|10000001|0010111110|110110000  0x018664274097DB0
BX = 000 Event : 33
BX = 001 Event : 34
0x00 0000011|0000001|01101101101111110|00110101|0101010001|000101101  0x01816DBF1AAA22D
0x01 0000011|0000010|01101110111001110|00100000|0101011100|000010011  0x01826EE7102B813
0x02 0000011|0000011|01101110100001000|00011111|0101011000|000010011  0x01836E840FAB013
0x03 0000011|0000100|01101110100010110|00100000|0101011001|000010011  0x01846E8B102B213
0x04 0000011|0001100|01010010110101100|01110100|0000010011|001001001  0x018C52D63A02649
BX = 010 Event : 35
0x00 0000011|0000001|01101100111111110|10100010|0101001011|110111100  0x01816CFF51297BC
0x01 0000011|0000010|01101101001011010|10100010|0101001101|110111100  0x01826D2D5129BBC
0x02 0000011|0000110|01011100101110100|01001110|0001110000|001000001  0x01865CBA270E041
0x03 0000011|0001000|01010111100101100|11111010|0000011111|111110110  0x018857967D03FF6
0x04 0000011|0001001|01100000010110100|00001111|0001100011|000001010  0x0189605A078C60A
0x05 0000011|0001010|01100000011101010|00001111|0001100100|000001010  0x018A6075078C80A
BX = 011 Event : 36
0x00 0000011|0000000|01101010001100010|10001101|0101010101|110110011  0x01806A3146AABB3
0x01 0000011|0000011|01101011110100010|00000111|0011010111|000000000  0x01836BD1039AE00
0x02 0000011|0000100|01101100101010100|00001001|0011011110|000000010  0x01846CAA049BC02
0x03 0000011|0000101|01010110100000010|10001011|0000001001|110110101  0x0185568145813B5
0x04 0000011|0000110|01010111100000000|10001010|0000010001|110110100  0x0186578045023B4
0x05 0000011|0000111|01111000110111100|10111010|0100011011|111011010  0x018778DE5D237DA
BX = 100 Event : 37
0x00 0000011|0000100|01001010101110010|01100011|0000100001|001001111  0x01844AB9318424F
0x01 0000011|0000101|01001011111001000|00001111|0000100010|000010011  0x01854BE40784413
0x02 0000011|0010000|01010111101111100|11001010|0001011100|111010101  0x019057BE650B9D5
0x03 0000011|0010001|01010011101001010|11100111|0000111100|111110010  0x019153A573879F2
0x04 0000011|0010010|01011100101000000|11001001|0010001100|111010100  0x01925CA064919D4
0x05 0000011|0010011|01011000110001100|11100111|0001101110|111110001  0x019358C6738DDF1
0x06 0000011|0010101|01011110101000110|01100010|0010000010|000111010  0x01955EA3311043A
0x07 0000011|0011000|01010101100101110|00101101|0000001100|000100010  0x019855971681822
BX = 101 Event : 38
0x00 0000011|0000000|01000001011001000|11110011|1111101100|000000000  0x0180416479FD800
0x01 0000011|0000001|01000001100100100|11011000|1111101101|111011111  0x018141926C7DBDF
0x02 0000011|0000111|01011111000001100|10101110|0010111101|111010010  0x01875F065717BD2
0x03 0000011|0001001|01110000110001110|10101010|0101000111|111001110  0x018970C75528FCE
0x04 0000011|0010000|01011100001000100|10011010|0010011111|110111000  0x01905C224D13FB8
0x05 0000011|0010001|01101110011010100|10010101|0100101111|110110011  0x01916E6A4AA5FB3
BX = 110 Event : 39
0x00 0000011|0000000|01011101010111100|10011011|0011000101|110111101  0x01805D5E4D98BBD
0x01 0000011|0000100|01100110111000000|10101010|0011010000|110111100  0x018466E0551A1BC
0x02 0000011|0000101|01100110000001100|10101010|0011001000|110111100  0x0185660655191BC
0x03 0000011|0000110|01011000011000100|11100011|0000011001|111110100  0x0186586271833F4
0x04 0000011|0001000|01110110111110010|00011110|0011111011|000011110  0x018876F90F1F61E
BX = 111 Event : 40
0x00 0000011|0000000|01000111110010000|11100001|0000110011|111100001  0x018047C870867E1
0x01 0000011|0001000|01010000000100100|00000010|1111100011|000001001  0x01885012017C609
0x02 0000011|0001001|01001001000000010|00001010|1110101100|000010001  0x018949010575811
BX = 000 Event : 41
0x00 0000011|0000000|01000100001111100|11100100|0000000010|111101010  0x0180443E72005EA
0x01 0000011|0000011|01110110011111000|10110000|0100111001|111001010  0x0183767C58273CA
0x02 0000011|0000100|01010001100010010|11001000|1111010001|111010001  0x01845189647A3D1
0x03 0000011|0000101|01001001110100100|11001001|1110010100|111010010  0x018549D264F29D2
0x04 0000011|0000110|01001000011010010|00011110|1110100000|000011100  0x018648690F7401C
0x05 0000011|0000111|01010100111010000|00000011|0000000010|000000001  0x018754E80180401
0x06 0000011|0001000|01001000001111010|00011110|1110011110|000011011  0x0188483D0F73C1B
0x07 0000011|0001001|01010100101100000|00000010|0000000000|000000000  0x018954B00100000
0x08 0000011|0001010|01010010101001000|00011100|0000000110|000011001  0x018A52A40E00C19
0x09 0000011|0001011|01100001010111010|00000000|0001111000|111111110  0x018B615D000F1FE
0x0a 0000011|0001100|01001000101111100|00011000|1110100011|000010100  0x018C48BE0C74614
0x0b 0000011|0001101|01010100111001100|11111011|0000000001|111111000  0x018D54E67D803F8
0x0c 0000011|0001110|01010110011110010|00011000|0000101100|000010100  0x018E56790C05814
0x0d 0000011|0001111|01100110001110100|11111011|0010100110|111111000  0x018F663A7D94DF8
0x0e 0000011|0010001|01110000011101010|10011001|0011110110|110101110  0x019170754C9EDAE
0x0f 0000011|0010010|01100011111111000|11100010|0010010100|111110110  0x019263FC71129F6
0x10 0000011|0010011|01101000001100100|10111101|0010000010|111000110  0x019368325E905C6
0x11 0000011|0010100|01101101100111000|10111110|0010101100|111001000  0x01946D9C5F159C8
0x12 0000011|0010101|01011110011100110|11001110|0000110110|111010111  0x01955E736706DD7
BX = 001 Event : 42
0x00 0000011|0000000|01011011001110010|11110110|0011000111|111110010  0x01805B397B18FF2
0x01 0000011|0000011|01111001000011000|10101100|0101010011|111001011  0x0183790C562A7CB
0x02 0000011|0000100|01111010010000000|10101100|0101011100|111001010  0x01847A40562B9CA
0x03 0000011|0000101|01101001101111100|11000010|0010101100|111001100  0x018569BE61159CC
0x04 0000011|0000110|01100101011010110|10110011|0010010001|111010011  0x0186656B59923D3
0x05 0000011|0000111|01100100101100000|10110100|0010001011|111010100  0x018764B05A117D4
0x06 0000011|0001000|01101110100110000|10101011|0011101101|111001001  0x01886E98559DBC9
0x07 0000011|0001001|01101110101110110|10101010|0011101110|111001001  0x01896EBB551DDC9
0x08 0000011|0001010|01110001010011000|11000001|0100000010|111100000  0x018A714C60A05E0
0x09 0000011|0001011|01101101100100100|01000100|0010110010|000101111  0x018B6D92221642F
0x0a 0000011|0001101|01110011001011110|00110100|0011101001|000011100  0x018D732F1A1D21C
0x0b 0000011|0001110|01111100001010010|10110101|0101010110|111010011  0x018E7C295AAADD3
BX = 010 Event : 43
0x00 0000011|0000011|01100111110111000|10110010|0011010100|111001011  0x018367DC591A9CB
0x01 0000011|0000100|01000100010111100|01101010|1101101010|001001011  0x0184445E356D44B
BX = 011 Event : 44
0x00 0000011|0001011|01100011001010110|10111000|0001101110|111001110  0x018B632B5C0DDCE
BX = 100 Event : 45
0x00 0000011|0000001|01101010001101000|00101100|0100100111|000010110  0x01816A341624E16
0x01 0000011|0000010|01101001111101000|00111100|0100100101|000100110  0x018269F41E24A26
0x02 0000011|0000011|01100010100110000|01001111|0011101010|000111010  0x01836298279D43A
0x03 0000011|0000110|01001111111111010|11000101|0000010111|111010101  0x01864FFD6282FD5
0x04 0000011|0000111|01000000100101100|11010111|1110001000|111011000  0x018740966BF11D8
0x05 0000011|0001010|01000100001010110|01001101|1110101010|000111100  0x018A442B26F543C
0x06 0000011|0001011|01000001001000010|01011100|1110010010|001001010  0x018B41212E7244A
0x07 0000011|0001110|01110000111001010|11011100|0100010100|111101011  0x018E70E56E229EB
0x08 0000011|0001111|01011101000000100|11101111|0001100110|111110000  0x018F5D02778CDF0
0x09 0000011|0010000|01010101010101000|00001011|0000101010|000001011  0x01905554058540B
0x0a 0000011|0010001|01010111101001100|00001101|0000111100|000001101  0x019157A6068780D
0x0b 0000011|0010011|01011001010011010|11111011|0001000010|111111111  0x0193594D7D885FF
0x0c 0000011|0010100|01010001111111110|00010110|0000001001|000011001  0x019451FF0B01219
0x0d 0000011|0010101|01010100010001000|00011000|0000011011|000011011  0x019554440C0361B
0x0e 0000011|0010110|01010100011100100|11110111|0000010010|111111010  0x019654727B825FA
0x0f 0000011|0010111|01001101010110110|00010010|1111011011|000010100  0x01974D5B097B614
0x10 0000011|0011000|01001111101010000|00010100|1111101101|000010110  0x01984FA80A7DA16
BX = 101 Event : 46
0x00 0000011|0000010|01001001000000010|00011010|0000101011|000001000  0x018249010D05608
0x01 0000011|0000011|01000000101010010|01010100|0000000010|000110011  0x018340A92A00433
0x02 0000011|0000100|01011101010010100|01111010|0011101100|001011010  0x01845D4A3D1D85A
0x03 0000011|0000101|01010111001010100|01100000|0010101101|000111000  0x0185572A3015A38
0x04 0000011|0001001|01101111000110110|10100000|0101000101|110110111  0x01896F1B5028BB7
0x05 0000011|0001010|01101110101111110|10100010|0101000010|110111000  0x018A6EBF51285B8
0x06 0000011|0001100|01100110000000000|00101111|0011001100|000011110  0x018C6600179981E
0x07 0000011|0001101|01111010001100110|11000101|0101100100|111011110  0x018D7A3362AC9DE
0x08 0000011|0001111|01000100110111010|00111000|1110001000|000101001  0x018F44DD1C71029
0x09 0000011|0010010|01110110001110000|11110110|0011110000|111111100  0x019276387B1E1FC
0x0a 0000011|0010011|01100010010111000|00111000|0001100010|000110010  0x0193625C1C0C432
0x0b 0000011|0010100|01101110110110100|00110111|0011000010|000110001  0x01946EDA1B98431
0x0c 0000011|0010101|01110111100000110|00010110|0100101111|000000111  0x019577830B25E07
0x0d 0000011|0010110|01111001010110010|00011101|0100010101|000001011  0x019679590EA2A0B
0x0e 0000011|0010111|01101111011111000|01100000|0011000110|000111100  0x01976F7C3018C3C
BX = 110 Event : 47
0x00 0000011|0000001|01100101011001000|00001011|0100000001|000000011  0x0181656405A0203
0x01 0000011|0000100|01001001101011100|11111000|1111111101|000000100  0x018449AE7C7FA04
0x02 0000011|0000110|01000100111101010|00101110|1101111011|000100010  0x018644F5176F622
0x03 0000011|0000111|01000101011001010|00101111|1101111110|000100100  0x0187456517EFC24
0x04 0000011|0001001|01000100111101010|00101011|1101111011|000011110  0x018944F515EF61E
0x05 0000011|0001010|01000101011001010|00101100|1101111110|000100000  0x018A4565166FC20
0x06 0000011|0001101|01001110111001010|10001110|1111010001|110100111  0x018D4EE5477A3A7
0x07 0000011|0001110|01000111001000110|10010110|1110000101|110110001  0x018E47234B70BB1
0x08 0000011|0001111|01111101010001010|01101100|0100110100|001010011  0x018F7D453626853
BX = 111 Event : 48
0x00 0000011|0001000|01001001101101100|11110000|1111001010|111101010  0x018849B678795EA
0x01 0000011|0001011|01010010100111010|11110000|1111011100|111110111  0x018B529D787B9F7
BX = 000 Event : 49
0x00 0000011|0000010|01000101010000110|00010101|1110101111|000010010  0x018245430AF5E12
0x01 0000011|0000101|01001100001110100|11010111|1110101101|111100011  0x01854C3A6BF5BE3
0x02 0000011|0000110|01001010111101110|11111000|1110100011|000000011  0x01864AF77C74603
BX = 001 Event : 50
0x00 0000011|0000010|01101101011101110|10011111|0011001110|111000111  0x01826D774F99DC7
0x01 0000011|0000100|01101011110100010|10011101|0010111101|111000100  0x01846BD14E97BC4
BX = 010 Event : 51
BX = 011 Event : 52
0x00 0000011|0000000|01011101111100000|01000010|0011101111|000110001  0x01805DF0211DE31
0x01 0000011|0000001|01001100011101110|11000101|0001001010|111011011  0x01814C7762895DB
0x02 0000011|0000010|01000001000011110|00100011|1111000011|000010111  0x0182410F11F8617
0x03 0000011|0000011|01000001000111000|00100011|1111000100|000010111  0x0183411C11F8817
0x04 0000011|0000101|01110100101010000|00110110|0100101101|000100011  0x018574A81B25A23
0x05 0000011|0000110|01110101000110100|00110110|0100110001|000100100  0x0186751A1B26224
0x06 0000011|0000111|01101011110111110|00011001|0011000011|000011000  0x01876BDF0C98618
BX = 100 Event : 53
0x00 0000011|0000001|01000000000000110|00011101|1111011001|000010100  0x018140030EFB214
0x01 0000011|0000100|01100111100101000|11111111|0011111101|111111101  0x018467947F9FBFD
0x02 0000011|0000101|01100111100001110|11111111|0011111101|111111101  0x018567877F9FBFD
0x03 0000011|0000110|01010110001101000|00101111|0010000011|000101001  0x018656341790629
0x04 0000011|0000111|01011101011001100|00100011|0010110001|000011100  0x01875D66119621C
0x05 0000011|0001000|01110010011010100|00100111|0101010001|000011111  0x0188726A13AA21F
0x06 0000011|0001001|01010001100000000|00101001|0001010101|000100001  0x01895180148AA21
0x07 0000011|0001010|01100011111011000|00101010|0011100011|000100010  0x018A63EC151C622
0x08 0000011|0001011|01011110101101110|00100001|0010111110|000011010  0x018B5EB71097C1A
0x09 0000011|0001100|01110100011001000|00100101|0101100011|000011101  0x018C746412AC61D
0x0a 0000011|0001101|01010010011100100|00101000|0001011110|000100000  0x018D5272140BC20
0x0b 0000011|0001110|01100101011100000|00101000|0011110010|000100000  0x018E6570141E420
0x0c 0000011|0001111|01011000000001010|00100000|0010010101|000010111  0x018F58051012A17
0x0d 0000011|0010000|01101011000111010|00100001|0100101000|000010111  0x01906B1D10A5017
0x0e 0000011|0010001|01011110010011100|00000110|0010100011|000000101  0x01915E4E0314605
0x0f 0000011|0010011|01100001000101110|00001110|0010000111|000001101  0x019361170710E0D
BX = 101 Event : 54
0x00 0000011|0000000|01011010100101110|10110000|0011000100|111001111  0x01805A9758189CF
0x01 0000011|0000001|01101100100011000|00110101|0101000101|000100110  0x01816C8C1AA8A26
0x02 0000011|0000010|01101110000101010|00111000|0101010000|000101001  0x01826E151C2A029
0x03 0000011|0000011|01101101000101010|00111001|0101001001|000101010  0x01836D151CA922A
0x04 0000011|0000100|01101011110010100|00101111|0100111110|000011111  0x01846BCA17A7C1F
0x05 0000011|0000101|01101101010010010|00110011|0101001001|000100010  0x01856D4919A9222
0x06 0000011|0000110|01101100010010010|00110011|0101000001|000100011  0x01866C4919A8223
0x07 0000011|0000111|01100100111101010|10000011|0100010101|110100100  0x018764F541A2BA4
0x08 0000011|0001000|01011101111110010|10011100|0011011111|110111011  0x01885DF94E1BFBB
0x09 0000011|0001011|01001010110000010|11000110|1110011111|111001110  0x018B4AC16373FCE
0x0a 0000011|0001100|01100000101011010|00001010|0001010111|000000000  0x018C60AD050AE00
0x0b 0000011|0001101|01011100101111000|00001011|0000111000|000000001  0x018D5CBC0587001
0x0c 0000011|0001110|01011110110110110|00001011|0001001001|000000001  0x018E5EDB0589201
0x0d 0000011|0001111|01011101010100110|00001100|0000111101|000000001  0x018F5D530607A01
0x0e 0000011|0010000|01011110100100000|00010001|0001000111|000000110  0x01905E900888E06
0x0f 0000011|0010001|01011010111100110|00001001|0000011110|111111110  0x01915AF30483DFE
0x10 0000011|0010010|01010111000001000|00001010|0000000000|111111111  0x0192570405001FF
0x11 0000011|0010011|01011001001000000|00001010|0000010000|111111111  0x0193592005021FF
0x12 0000011|0010100|01010111100110000|00001011|0000000100|000000000  0x019457980580800
0x13 0000011|0010101|01011000110101100|00010000|0000001110|000000101  0x019558D60801C05
BX = 110 Event : 55
0x00 0000011|0000001|01000000011100000|11111100|1101100000|000000111  0x018140707E6C007
0x01 0000011|0000011|01001010010101010|10000011|1110111001|110101111  0x01834A5541F73AF
0x02 0000011|0000100|01001010110111110|10000011|1110111101|110101111  0x01844ADF41F7BAF
0x03 0000011|0000101|01000111001110110|10010100|1110100000|111000000  0x0185473B4A741C0
0x04 0000011|0000110|01111001100011000|01001000|0100001001|000101001  0x0186798C2421229
BX = 111 Event : 56
0x00 0000011|0000001|01100011101110100|11010110|0001110010|111011001  0x018163BA6B0E5D9
0x01 0000011|0000010|01100110011111110|11010110|0010000111|111011010  0x0182667F6B10FDA
BX = 000 Event : 57
0x00 0000011|0000000|01010101011010010|01011100|0010010000|001000100  0x018055692E12044
0x01 0000011|0000010|01000100011110110|01100010|1111100001|001001100  0x0182447B317C24C
0x02 0000011|0000100|01001001111111000|00011001|0000000101|000001100  0x018449FC0C80A0C
0x03 0000011|0000101|01110011011101100|11000101|0100111111|111010000  0x0185737662A7FD0
0x04 0000011|0000110|01110110010100100|11000110|0101010101|111010001  0x01867652632ABD1
0x05 0000011|0000111|01000011101010100|11010110|1110011010|111101001  0x018743AA6B735E9
0x06 0000011|0001000|01001101110001110|11011111|1111001101|111101111  0x01884DC76FF9BEF
0x07 0000011|0001001|01010000011111000|11100000|1111100010|111110001  0x0189507C707C5F1
0x08 0000011|0001010|01011010111100110|11000110|0001010000|111010001  0x018A5AF3630A1D1
0x09 0000011|0001011|01011101101110110|11001000|0001100101|111010010  0x018B5DBB640CBD2
0x0a 0000011|0001100|01010110110111000|11000001|0000100111|111001010  0x018C56DC6084FCA
0x0b 0000011|0001101|01011001101001000|11000010|0000111101|111001011  0x018D59A46107BCB
0x0c 0000011|0001110|01101000111011110|00110000|0010111111|000101001  0x018E68EF1817E29
0x0d 0000011|0001111|01001111110101010|11001000|1111111011|111011100  0x018F4FD5647F7DC
0x0e 0000011|0010000|01010110101110010|11010110|0000110011|111101001  0x019056B96B067E9
0x0f 0000011|0010001|01100110011010100|11010000|0010001100|111100001  0x0191666A68119E1
0x10 0000011|0010010|01111111000100110|11000111|0101011101|111010001  0x01927F1363ABBD1
0x11 0000011|0010011|01111001100101010|11011100|0100110011|111100101  0x019379956E267E5
0x12 0000011|0010100|01110000101001100|01110111|0011000111|001001110  0x019470A63B98E4E
BX = 001 Event : 58
0x00 0000011|0000110|01001111000010000|11111001|0000010101|000000000  0x01864F087C82A00
BX = 010 Event : 59
0x00 0000011|0000000|01001110011111010|11001100|0001100000|111011010  0x01804E7D660C1DA
0x01 0000011|0000001|01010000000000110|11011010|0001101011|111101000  0x018150036D0D7E8
0x02 0000011|0000010|01011110101011100|11011110|0011011100|111101011  0x01825EAE6F1B9EB
0x03 0000011|0000100|01001100101011110|00100111|0000000100|000011010  0x01844CAF138081A
0x04 0000011|0000101|01010000001110000|00111111|0000011111|000110000  0x018550381F83E30
0x05 0000011|0001001|01011001111000100|00011110|0000011001|000011010  0x018959E20F0321A
0x06 0000011|0001010|01010111100110000|00001011|0000000100|000000011  0x018A57980580803
0x07 0000011|0001011|01000101111001000|00100100|1101111001|000011011  0x018B45E4126F21B
0x08 0000011|0001100|01010000101000010|00111010|1111001101|000110001  0x018C50A11D79A31
0x09 0000011|0010000|01111100011101000|00000011|0100100110|000000100  0x01907C7401A4C04
0x0a 0000011|0010010|01111010101011010|11101100|0100010110|111101001  0x01927AAD7622DE9
0x0b 0000011|0010100|01111100010001000|00101100|0100100010|000100110  0x01947C441624426
0x0c 0000011|0010101|01111011001001000|00011000|0100010111|000010000  0x01957B240C22E10
BX = 011 Event : 60
0x00 0000011|0000000|01011100111101000|11110010|0011010111|111110111  0x01805CF4791AFF7
0x01 0000011|0000100|01000011001001110|11111001|1110111101|111110000  0x018443277CF7BF0
0x02 0000011|0000110|01110011000010010|01001100|0101000001|000111101  0x01867309262823D
0x03 0000011|0001001|01000001100111110|11111001|1110000011|000000101  0x0189419F7CF0605
0x04 0000011|0001011|01011001001101100|01000010|0000111001|000110010  0x018B59362107232
0x05 0000011|0001100|01110100101010010|00101011|0100001100|000011011  0x018C74A915A181B
0x06 0000011|0010010|01111110100001100|00011111|0101010110|000010000  0x01927E860FAAC10
0x07 0000011|0010011|01111100100100110|00100011|0101001000|000010011  0x01937C9311A9013
0x08 0000011|0010100|01111100100100110|00100100|0101001000|000010100  0x01947C931229014
BX = 100 Event : 61
0x00 0000011|0000000|01100001100001010|00011101|0011111110|000011010  0x018061850E9FC1A
0x01 0000011|0000001|01010011111100000|00011000|0001111010|000010101  0x018153F00C0F415
0x02 0000011|0000011|01100111011000010|00101111|0100001111|000101011  0x0183676117A1E2B
0x03 0000011|0000100|01000000101100000|00011110|1110111011|000011100  0x018440B00F7761C
0x04 0000011|0000101|01000010011000010|11111111|1111001011|111110101  0x018542617FF97F5
0x05 0000011|0000111|01010101001100100|00010101|0001011111|000001010  0x018755320A8BE0A
0x06 0000011|0001000|01010011100100100|11111010|1111110010|111110001  0x018853927D7E5F1
0x07 0000011|0001001|01100101101110000|01000001|0010101000|000110100  0x018965B82095034
0x08 0000011|0001010|01010100011101100|01000101|0000100010|000111001  0x018A54762284439
BX = 101 Event : 62
0x00 0000011|0000000|01011000101000100|00100001|0010111100|000011100  0x018058A2109781C
0x01 0000011|0000001|01010010000010110|00001010|0001111011|000000000  0x0181520B050F600
0x02 0000011|0000111|01011101110100010|11100100|0001000101|111101111  0x01875DD17208BEF
0x03 0000011|0001000|01100000000010000|11100101|0001010110|111110000  0x01886008728ADF0
0x04 0000011|0001001|01011100010000000|11100100|0000110110|111101111  0x01895C407206DEF
0x05 0000011|0001010|01011110000000110|11100101|0001000011|111110000  0x018A5E0372887F0
0x06 0000011|0001011|01011101000111010|00111110|0001000001|000101010  0x018B5D1D1F0822A
BX = 110 Event : 63
0x00 0000011|0000011|01101110000101100|01111001|0101000011|001001110  0x01836E163CA864E
0x01 0000011|0000100|01010100101111000|01101010|0001000100|001001110  0x018454BC350884E
0x02 0000011|0000101|01010000100011110|01101010|0000100010|001001110  0x0185508F350444E
0x03 0000011|0000110|01001111100010000|11011001|0000110000|111101110  0x01864F886C861EE
0x04 0000011|0000111|01000001011010000|01101001|1110000101|001001101  0x0187416834F0A4D
0x05 0000011|0001000|01000001011011110|01101001|1110000101|001001101  0x0188416F34F0A4D
0x06 0000011|0001100|01000010100101000|10011110|1101101100|110110101  0x018C42944F6D9B5
0x07 0000011|0001101|01000010010111100|10011111|1101101010|110110101  0x018D425E4FED5B5
0x08 0000011|0001110|01110100100011010|11110010|0011110010|111111010  0x018E748D791E5FA
BX = 111 Event : 64
0x00 0000011|0000001|01100101011001000|00001011|0100000001|000000011  0x0181656405A0203
0x01 0000011|0000010|01011100100001110|00001010|0010101010|000000001  0x01825C870515401
BX = 000 Event : 65
0x00 0000011|0000000|01000111010111100|01010011|0000000101|000111001  0x0180475E2980A39
0x01 0000011|0000001|01000100100100010|01011110|1111101110|001000100  0x018144912F7DC44
0x02 0000011|0000111|01000101110000100|11001000|1110110010|111010000  0x018745C264765D0
0x03 0000011|0001000|01010000001000010|11110010|0000000011|111111001  0x0188502179007F9
0x04 0000011|0001001|01111101000101010|11100001|0101011011|111101001  0x01897D1570AB7E9
0x05 0000011|0001011|01110101011111110|11110101|0100010110|000000001  0x018B757F7AA2C01
BX = 001 Event : 66
0x00 0000011|0000011|01011100011001100|10110111|0010001101|111000100  0x01835C665B91BC4
0x01 0000011|0000100|01100011111101100|11011011|0011000111|111100111  0x018463F66D98FE7
0x02 0000011|0000101|01100100100101010|11010100|0011001101|111011110  0x018564956A19BDE
0x03 0000011|0000110|01000001100100010|10001001|1110111010|110101101  0x0186419144F75AD
0x04 0000011|0000111|01110101011111110|11001101|0101001101|111011010  0x0187757F66A9BDA
0x05 0000011|0001000|01110110000110010|11000110|0101010011|111010001  0x01887619632A7D1
0x06 0000011|0001100|01001010111000000|11010101|1111010010|111011111  0x018C4AE06AFA5DF
0x07 0000011|0001101|01000110100011000|11001111|1110100111|111011000  0x018D468C67F4FD8
0x08 0000011|0001111|01010000010001010|11100000|1111100000|111110001  0x018F5045707C1F1
0x09 0000011|0010000|01011101100001000|11001000|0001100100|111010010  0x01905D84640C9D2
0x0a 0000011|0010001|01011001011011000|11000010|0000111011|111001011  0x0191596C61077CB
0x0b 0000011|0010011|01010010100111010|11011000|0000010111|111101111  0x0193529D6C02FEF
0x0c 0000011|0010110|01011001101001100|10111110|0000011011|111010001  0x019659A65F037D1
0x0d 0000011|0010111|01100110011010100|11010000|0010001100|111100001  0x0197666A68119E1
0x0e 0000011|0011000|01111001100101010|11011100|0100110011|111100101  0x019879956E267E5
0x0f 0000011|0011001|01111010110010000|00100111|0101000111|000100000  0x01997AC813A8E20
BX = 010 Event : 67
0x00 0000011|0000001|01100101011000110|01111100|0011110011|001001111  0x018165633E1E64F
0x01 0000011|0000011|01100110100110000|01110101|0011111111|001000110  0x018366983A9FE46
0x02 0000011|0001011|01011110100110100|00111010|0001110110|000100111  0x018B5E9A1D0EC27
0x03 0000011|0001100|01100000110100010|01100100|0010011000|001000110  0x018C60D13213046
0x04 0000011|0001101|01100000111001000|01100100|0010011001|001000110  0x018D60E43213246
0x05 0000011|0010100|01000110101110100|00111001|1110100100|000110000  0x019446BA1CF4830
0x06 0000011|0010101|01010110001011100|00010100|0000101011|000001111  0x0195562E0A0560F
0x07 0000011|0010110|01100001100001000|00011011|0010000010|000010101  0x019661840D90415
0x08 0000011|0010111|01100000101101110|00111000|0001111100|000110001  0x019760B71C0F831
0x09 0000011|0011000|01001111101101100|00001011|1111101010|000000011  0x01984FB605FD403
0x0a 0000011|0011001|01011011010110010|00010010|0001000101|000001010  0x01995B590908A0A
0x0b 0000011|0011010|01011010001100110|00101111|0000111100|000100111  0x019A5A331787827
0x0c 0000011|0011011|01111101001000000|11011001|0100110110|111011110  0x019B7D206CA6DDE
0x0d 0000011|0011100|01100100111101100|01000110|0001110100|000110110  0x019C64F6230E836
BX = 011 Event : 68
0x00 0000011|0000000|01000100000010100|11001111|1111111000|111011110  0x0180440A67FF1DE
0x01 0000011|0000001|01001110101010010|11001100|0001100001|111011010  0x01814EA9660C3DA
0x02 0000011|0000010|01010001011010110|11010011|0001110111|111100001  0x0182516B698EFE1
0x03 0000011|0000011|01010000001011110|11011010|0001101101|111101000  0x0183502F6D0DBE8
0x04 0000011|0000100|01001110010000110|11000111|0001011101|111010011  0x01844E43638BBD3
0x05 0000011|0000101|01010001000001010|11001101|0001110011|111011010  0x01855105668E7DA
0x06 0000011|0000110|01001111110010010|11010100|0001101001|111100001  0x01864FC96A0D3E1
0x07 0000011|0000111|01011110110110010|11011110|0011011110|111101011  0x01875ED96F1BDEB
0x08 0000011|0001000|01011110011100110|11011000|0011011010|111100100  0x01885E736C1B5E4
0x09 0000011|0001100|01111111110010000|11110000|0100110110|111111010  0x018C7FC87826DFA
BX = 100 Event : 69
0x00 0000011|0000000|01100100001011000|01010001|0100100011|000110101  0x0180642C28A4635
0x01 0000011|0000101|01000000011010110|00101001|1110101011|000100101  0x0185406B14F5625
0x02 0000011|0000110|01000000110100010|00000101|1110101111|111111001  0x018640D102F5FF9
0x03 0000011|0000111|01010111100010010|00100001|0001011111|000010100  0x01875789108BE14
0x04 0000011|0001010|01000001100101100|10100100|1101100100|110110110  0x018A4196526C9B6
BX = 101 Event : 70
0x00 0000011|0000001|01010111100000100|10100010|0010110011|111000100  0x0181578251167C4
0x01 0000011|0000010|01010111010010110|10101010|0010000110|111001100  0x0182574B5510DCC
0x02 0000011|0000011|01010101010100100|11011001|0001011110|111100111  0x018355526C8BDE7
BX = 110 Event : 71
0x00 0000011|0000010|01001010010010100|10001110|1111011010|110111001  0x01824A4A477B5B9
0x01 0000011|0000011|01011110000110110|11100100|0010110101|111110110  0x01835E1B7216BF6
0x02 0000011|0000111|01011101111100110|00010100|0001000000|000010011  0x01875DF30A08013
0x03 0000011|0001000|01011101100101100|00010011|0000111100|000010010  0x01885D960987812
0x04 0000011|0001001|01110011110000110|00100000|0011101001|000011110  0x018973C3101D21E
0x05 0000011|0001010|01110011010010010|00011111|0011100101|000011110  0x018A73490F9CA1E
0x06 0000011|0001011|01110000100010000|01010011|0011010011|000111100  0x018B7088299A63C
BX = 111 Event : 72
0x00 0000011|0010011|01000001011010000|01101001|1110000101|001001101  0x0193416834F0A4D
0x01 0000011|0010100|01000001100101000|01101001|1110000110|001001101  0x0194419434F0C4D
0x02 0000011|0011010|01000101101100010|11001010|1110011010|111010000  0x019A45B165735D0
0x03 0000011|0011011|01001000111001010|11111000|1110110011|111111100  0x019B48E57C767FC
0x04 0000011|0011100|01001100000001100|00000000|1111001011|000000100  0x019C4C060079604
BX = 000 Event : 73
0x00 0000011|0000100|01110100000011000|10010000|0100001010|110111010  0x0184740C48215BA
BX = 001 Event : 74
0x00 0000011|0000000|01011011011001000|11011110|0010100000|111101110  0x01805B646F141EE
0x01 0000011|0000001|01011111110000010|11110001|0011001100|111111110  0x01815FC178999FE
0x02 0000011|0000010|01101011000111100|01010000|0100101100|000110011  0x01826B1E2825833
0x03 0000011|0000110|01110010101111010|01110010|0100101010|001011001  0x018672BD3925459
BX = 010 Event : 75
0x00 0000011|0000000|01001100110001110|00011001|0000110001|000001101  0x01804CC70C8620D
0x01 0000011|0000001|01000011110011000|00110011|1111101011|000100111  0x018143CC19FD627
0x02 0000011|0000010|01100010100110010|00001101|0100000101|111111111  0x0182629906A0BFF
0x03 0000011|0000011|01011000110000000|00100111|0010111010|000011000  0x018358C01397418
0x04 0000011|0000100|01000010011011110|01100000|1111110010|001000010  0x0184426F307E442
0x05 0000011|0000101|01000100001110010|01011110|0000000100|001000000  0x018544392F00840
0x06 0000011|0000110|01101000010111100|01001100|0100000111|000111111  0x0186685E2620E3F
0x07 0000011|0000111|01001001101111110|00100011|1111010101|000100011  0x018749BF11FAA23
0x08 0000011|0001000|01110001100111000|11100001|0100001011|111101011  0x0188719C70A17EB
0x09 0000011|0001001|01011111000000100|00000001|0001111011|000000010  0x01895F02008F602
0x0a 0000011|0001111|01001101011100110|01110000|1111101011|001001000  0x018F4D73387D648
0x0b 0000011|0010000|01001101010000010|01110001|1111101001|001001010  0x01904D4138FD24A
0x0c 0000011|0010010|01000110000100100|10111100|1110010101|111011000  0x019246125E72BD8
0x0d 0000011|0010011|01110111000000000|00011101|0100100101|000010001  0x019377000EA4A11
0x0e 0000011|0010100|01110100011010010|00011101|0100001100|000010001  0x019474690EA1811
BX = 011 Event : 76
0x00 0000011|0000011|01000101101110000|11000111|1111011010|111001110  0x018345B863FB5CE
0x01 0000011|0000100|01101100111010100|00101010|0100010011|000011101  0x01846CEA152261D
0x02 0000011|0000101|01000000011100000|11111100|1101100000|000000111  0x018540707E6C007
0x03 0000011|0000110|01001011111000000|11101011|1111010001|111110010  0x01864BE075FA3F2
0x04 0000011|0000111|01111000110001000|11110100|0100000110|111110000  0x018778C47A20DF0
0x05 0000011|0001000|01111001100011000|01001000|0100001001|000101001  0x0188798C2421229
BX = 100 Event : 77
0x00 0000011|0000001|01001011111000100|11011100|1111011100|111101000  0x01814BE26E7B9E8
0x01 0000011|0000011|01111000010101010|11010101|0100110101|111100001  0x018378556AA6BE1
0x02 0000011|0000100|01111000001010100|11010101|0100110011|111100010  0x0184782A6AA67E2
BX = 101 Event : 78
0x00 0000011|0000000|01000101011000000|11100110|0000011001|111110011  0x0180456073033F3
0x01 0000011|0000100|01001111101001110|00001000|0000001000|000001100  0x01844FA7040100C
0x02 0000011|0000101|01011011010001010|11110111|0001111011|111110111  0x01855B457B8F7F7
0x03 0000011|0000110|01101101011010110|11101010|0100000111|111101010  0x01866D6B7520FEA
0x04 0000011|0000111|01101101100110100|01010111|0100010000|001000110  0x01876D9A2BA2046
BX = 110 Event : 79
0x00 0000011|0000011|01001001100100110|11000110|0001000001|111011101  0x0183499363083DD
0x01 0000011|0000100|01000000110110010|11000000|1111101001|111010101  0x018440D9607D3D5
0x02 0000011|0001011|01111001011110100|01000000|0101001000|000110001  0x018B797A2029031
0x03 0000011|0001100|01111010010111000|00111110|0101001111|000101111  0x018C7A5C1F29E2F
0x04 0000011|0001101|01111010000000000|00111110|0101001100|000110000  0x018D7A001F29830
0x05 0000011|0001110|01110000110000000|00110001|0011110101|000011111  0x018E70C0189EA1F
0x06 0000011|0001111|01101111100011110|00101001|0011101100|000011000  0x018F6F8F149D818
0x07 0000011|0010000|01101111000110110|00101010|0011101000|000011000  0x01906F1B151D018
BX = 111 Event : 80
0x00 0000011|0000011|01000000110111110|11100100|1110111001|111110100  0x018340DF72773F4
0x01 0000011|0001100|01001100011100010|00011010|1110110111|000011100  0x018C4C710D76E1C
0x02 0000011|0001101|01001001111001000|00011000|1110011110|000011001  0x018D49E40C73C19
0x03 0000011|0001110|01100100001000100|00100110|0001111001|000011011  0x018E6422130F21B
0x04 0000011|0001111|01100000001010000|00111101|0001011010|000110001  0x018F60281E8B431
0x05 0000011|0010000|01101001110111100|00101100|0010100101|000100001  0x019069DE1614A21
0x06 0000011|0010001|01011110000110110|00011101|0000111101|000010000  0x01915E1B0E87A10
0x07 0000011|0010010|01011010100010010|00110100|0000100010|000100110  0x01925A891A04426
0x08 0000011|0010011|01100001111000100|00100001|0001011011|000010100  0x019361E2108B614
BX = 000 Event : 81
0x00 0000011|0000010|01100101110110110|11011111|0011011100|111101111  0x018265DB6F9B9EF
0x01 0000011|0000011|01010111001011110|11010110|0001001100|111100100  0x0183572F6B099E4
0x02 0000011|0000101|01001011010101000|10111001|1110101110|111000101  0x01854B545CF5DC5
BX = 001 Event : 82
0x00 0000011|0000000|01000000011111110|11111101|1111000101|000000110  0x0180407F7EF8A06
0x01 0000011|0000001|01011100110110100|10011001|0011011110|110110111  0x01815CDA4C9BDB7
0x02 0000011|0000010|01000111011101110|10001010|0000000100|110100100  0x0182477745009A4
0x03 0000011|0000011|01011101110000110|11001001|0010101001|111010100  0x01835DC364953D4
0x04 0000011|0000101|01010001100001100|00000110|0000011010|000000101  0x018551860303405
0x05 0000011|0001001|01001001010010100|10000100|1110010110|110011111  0x0189494A4272D9F
0x06 0000011|0001010|01101100111101010|00011110|0010100101|000010110  0x018A6CF50F14A16
BX = 010 Event : 83
0x00 0000011|0000110|01101101000100100|00001011|0011101110|000001110  0x01866D12059DC0E
0x01 0000011|0000111|01110011001110110|00010001|0100011101|000010100  0x0187733B08A3A14
0x02 0000011|0001000|01001101001111110|00011110|1110111011|000010000  0x01884D3F0F77610
0x03 0000011|0001001|01000101011101110|01000011|1101111111|000110011  0x0189457721EFE33
0x04 0000011|0001010|01001011000010000|01000100|1110101010|000110101  0x018A4B082275435
0x05 0000011|0001011|01011011110110000|01001011|0000101100|000101011  0x018B5BD8258582B
0x06 0000011|0001100|01011110100001110|01001001|0001000010|000101000  0x018C5E872488428
0x07 0000011|0001110|01110001010111100|00011100|0011100111|000011011  0x018E715E0E1CE1B
BX = 011 Event : 84
0x00 0000011|0000001|01001111110100100|01001110|0000001101|000111101  0x01814FD22701A3D
0x01 0000011|0000010|01101001011100010|00101010|0011101011|000100110  0x01826971151D626
BX = 100 Event : 85
0x00 0000011|0000101|01000001000001000|01101111|1110010011|001001001  0x0185410437F2649
0x01 0000011|0000110|01000001000100100|01101111|1110010100|001001001  0x0186411237F2849
0x02 0000011|0001001|01100100110111010|10001011|0001110001|110101111  0x018964DD458E3AF
BX = 101 Event : 86
0x00 0000011|0000000|01001111110110100|00001000|0001100111|000000000  0x01804FDA040CE00
0x01 0000011|0000001|01101010011001100|00010100|0100110100|000001100  0x01816A660A2680C
0x02 0000011|0000101|01100111101011110|00100101|0010110111|000011111  0x018567AF1296E1F
BX = 110 Event : 87
0x00 0000011|0000000|01011010000010100|01000101|0001100101|000110111  0x01805A0A228CA37
0x01 0000011|0000001|01100000110101100|01000101|0010101000|000110111  0x018160D62295037
0x02 0000011|0000100|01001010001101000|00100101|1111001010|000010000  0x01844A3412F9410
0x03 0000011|0000110|01001010011010010|11110010|1110111001|111110001  0x01864A6979773F1
0x04 0000011|0000111|01100111110111110|00011010|0010011111|000011000  0x018767DF0D13E18
BX = 111 Event : 88
0x00 0000011|0000010|01001000101101110|10100100|1111101010|110110111  0x018248B7527D5B7
BX = 000 Event : 89
0x00 0000011|0000000|01011011110111010|01111001|0011000100|001011001  0x01805BDD3C98859
0x01 0000011|0000001|01010111110100010|01111101|0010011011|001011110  0x018157D13E9365E
0x02 0000011|0000011|01000100101000110|11101110|1111010111|111111110  0x018344A3777AFFE
0x03 0000011|0000100|01000111100010000|11100110|1111110100|111110100  0x01844788737E9F4
0x04 0000011|0000101|01011101110101000|11110001|0010100001|111111111  0x01855DD478943FF
0x05 0000011|0000110|01001011010100100|00101001|1111101010|000011110  0x01864B5214FD41E
0x06 0000011|0000111|01000101010111000|00110010|1110111011|000101000  0x0187455C1977628
0x07 0000011|0001000|01001011101110100|00011011|1111111010|000001011  0x01884BBA0DFF40B
0x08 0000011|0001001|01011111001000000|01011000|0010010001|001000110  0x01895F202C12246
0x09 0000011|0001100|01001110000001010|11011110|1111011011|111100110  0x018C4E056F7B7E6
0x0a 0000011|0001101|01001101010011110|11011110|1111010110|111100110  0x018D4D4F6F7ADE6
0x0b 0000011|0001111|01101101000110010|00001101|0011001101|000010100  0x018F6D190699A14
0x0c 0000011|0010000|01011110011101010|11111001|0000111010|111110110  0x01905E757C875F6
0x0d 0000011|0010001|01100100100110010|00011101|0001101010|000011001  0x019164990E8D419
BX = 001 Event : 90
0x00 0000011|0000000|01011110101110100|01011110|0011100011|001000111  0x01805EBA2F1C647
0x01 0000011|0000001|01001010010000100|01011001|0000011011|001000000  0x01814A422C83640
0x02 0000011|0000100|01101110001000000|10101010|0101100100|111000110  0x01846E20552C9C6
BX = 010 Event : 91
0x00 0000011|0000000|01001100111000110|01011111|0000101100|001001001  0x01804CE32F85849
0x01 0000011|0000001|01100110111100110|01011001|0100101011|001000001  0x018166F32CA5641
0x02 0000011|0000011|01001101010100010|11011101|1111111010|111100101  0x01834D516EFF5E5
0x03 0000011|0000110|01110011110010000|01110010|0101000011|001010000  0x018673C83928650
0x04 0000011|0000111|01110011110101110|01110010|0101000011|001010000  0x018773D73928650
0x05 0000011|0001000|01110011100111110|01110001|0101000001|001001111  0x0188739F38A824F
0x06 0000011|0001001|01110011101110100|01110010|0101000010|001001111  0x018973BA392844F
BX = 011 Event : 92
0x00 0000011|0000010|01000111001111010|11011010|0000101010|111011111  0x0182473D6D055DF
0x01 0000011|0000011|01001010001001100|00111011|0000100101|000110001  0x01834A261D84A31
0x02 0000011|0000100|01000111010100100|01000010|0000001111|000110111  0x018447522101E37
0x03 0000011|0000101|01011010011101000|11100010|0010010001|111100000  0x01855A7471123E0
0x04 0000011|0000110|01001100100000010|11111000|0000100100|111110101  0x01864C817C049F5
0x05 0000011|0000111|01100001000000010|11111000|0011000011|111110110  0x018761017C187F6
0x06 0000011|0001010|01010111100001110|11111001|0001110100|111111100  0x018A57877C8E9FC
0x07 0000011|0001011|01001001101111010|00001110|0000001001|000010000  0x018B49BD0701210
0x08 0000011|0001100|01011110001110000|00001110|0010101000|000010000  0x018C5E380715010
0x09 0000011|0001101|01001010000010110|11100011|1111110000|111100001  0x018D4A0B71FE1E1
0x0a 0000011|0001110|01010001011011000|11111001|0000101001|111110110  0x018E516C7C853F6
BX = 100 Event : 93
0x00 0000011|0000110|01100001001000000|01110110|0010101101|001010100  0x018661203B15A54
0x01 0000011|0001000|01101100010001000|10110010|0100011101|111001011  0x01886C445923BCB
0x02 0000011|0001010|01110001100100110|10010010|0101000010|110110010  0x018A719349285B2
0x03 0000011|0001011|01110001110100100|10010010|0101000101|110110010  0x018B71D24928BB2
0x04 0000011|0001101|01010001001000000|11001000|0000000100|111010110  0x018D512064009D6
0x05 0000011|0001110|01110100000110110|11000010|0100010001|111010001  0x018E741B61223D1
0x06 0000011|0001111|01010000010101110|10001100|1111111011|110101010  0x018F5057467F7AA
BX = 101 Event : 94
0x00 0000011|0000010|01010001011111010|00000011|0000100000|000000101  0x0182517D0184005
0x01 0000011|0000011|01001000111101110|01000001|1111110000|000110010  0x018348F720FE032
0x02 0000011|0000100|01001000111101110|01000001|1111110000|000110010  0x018448F720FE032
0x03 0000011|0000101|01000011101100000|00000011|1110011101|111111011  0x018543B001F3BFB
0x04 0000011|0001000|01010001110010010|00001111|1111100101|000001001  0x018851C907FCA09
0x05 0000011|0001001|01100011100111100|00000110|0010010110|111111110  0x0189639E0312DFE
0x06 0000011|0001010|01010110000111110|00110000|0000101101|000100110  0x018A561F1805A26
0x07 0000011|0001011|01110011111000100|00100000|0100010011|000010111  0x018B73E21022617
0x08 0000011|0001100|01011101110100110|00111101|0001000101|000100000  0x018C5DD31E88A20
0x09 0000011|0001101|01001100101100100|01101010|1110110010|001000001  0x018D4CB23576441
BX = 110 Event : 95
0x00 0000011|0000001|01110010011001010|11111011|0101000110|111110101  0x018172657DA8DF5
BX = 111 Event : 96
0x00 0000011|0000010|01111001011110100|01000000|0101001000|000110001  0x0182797A2029031
0x01 0000011|0000011|01111010010111000|00111110|0101001111|000101111  0x01837A5C1F29E2F
0x02 0000011|0000100|01111010000000000|00111110|0101001100|000110000  0x01847A001F29830
0x03 0000011|0000111|01100100010000000|00110110|0001111100|000100101  0x018764401B0F825
0x04 0000011|0001000|01100000110100110|00110001|0001100001|000100001  0x018860D3188C221
0x05 0000011|0001001|01110000110000000|00110001|0011110101|000011111  0x018970C0189EA1F
0x06 0000011|0001010|01101111100011110|00101001|0011101100|000011000  0x018A6F8F149D818
0x07 0000011|0001011|01101111000110110|00101010|0011101000|000011000  0x018B6F1B151D018
0x08 0000011|0001100|01011110011101110|01011110|0001101000|001000000  0x018C5E772F0D040
BX = 000 Event : 97
0x00 0000011|0000000|01010110110011000|11011111|0010011110|111101011  0x018056CC6F93DEB
0x01 0000011|0000001|01011000111110110|11100011|0010101111|111101111  0x018158FB7195FEF
0x02 0000011|0000010|01101101111100010|00101000|0100101100|000011100  0x01826DF1142581C
0x03 0000011|0000011|01101101101100110|00101000|0100101010|000011100  0x01836DB3142541C
0x04 0000011|0000111|01011101111101010|00110110|0010010010|000101110  0x01875DF51B1242E
0x05 0000011|0001000|01011110100001000|00110101|0010010111|000101101  0x01885E841A92E2D
0x06 0000011|0001010|01110000011101010|00000011|0100001100|000000111  0x018A707501A1807
0x07 0000011|0001011|01110000001111010|00000011|0100001010|000000111  0x018B703D01A1407
BX = 001 Event : 98
BX = 010 Event : 99
BX = 011 Event : 100
0x00 0000011|0000101|01100110000011000|11011111|0011011000|111100101  0x0185660C6F9B1E5
0x01 0000011|0001000|01011010110000010|00010010|0000111001|000010111  0x01885AC10907217
0x02 0000011|0001001|01011001110100000|11111110|0000110000|111111110  0x018959D07F061FE
0x03 0000011|0001010|01011010110011100|00000010|0000111000|000000001  0x018A5ACE0107001
0x04 0000011|0001011|01011101010011000|11110000|0001010011|111101101  0x018B5D4C780A7ED
0x05 0000011|0001100|01100100011101100|00101011|0010001010|000100110  0x018C64761591426
0x06 0000011|0001101|01011111001011110|11110000|0001100001|111101100  0x018D5F2F780C3EC
0x07 0000011|0010100|01111110101010100|11010001|0101001100|111011001  0x01947EAA68A99D9
0x08 0000011|0010101|01111110110110100|11010100|0101001101|111011011  0x01957EDA6A29BDB
0x09 0000011|0010110|01110100001100000|11101101|0011111101|111110011  0x01967430769FBF3
