BX = 000 Event : 1
0x00 0000011|0000000|01000010011110010|00100110|0000011001|000100011  0x018042791303223
0x01 0000011|0000001|01000010011110010|00100111|0000011001|000100100  0x018142791383224
0x02 0000011|0000011|01001110100100110|01000110|0000000101|001001001  0x01834E932300A49
0x03 0000011|0000101|01000101010010100|00100011|1111010011|000010101  0x0185454A11FA615
0x04 0000011|0000110|01011000110100000|01000001|0010101011|000111110  0x018658D0209563E
0x05 0000011|0000111|01011000100110110|00111110|0010101000|000111000  0x0187589B1F15038
0x06 0000011|0001010|01010100001001010|00000101|1111100100|111111010  0x018A542502FC9FA
0x07 0000011|0001011|01100000101100010|00011010|0001101101|000010111  0x018B60B10D0DA17
0x08 0000011|0001100|01100000010010000|00011110|0001101000|000011100  0x018C60480F0D01C
BX = 001 Event : 2
0x00 0000011|0000000|01010110001011110|10101110|0011000101|110111101  0x0180562F5718BBD
0x01 0000011|0000011|01011111000011010|11000101|0011001100|111001011  0x01835F0D62999CB
0x02 0000011|0000100|01011101110110010|11000011|0010111010|111000111  0x01845DD961975C7
0x03 0000011|0000101|01001001101101100|11001011|1110101101|111000111  0x018549B665F5BC7
0x04 0000011|0000111|01011101100011110|00010111|0010001100|000001100  0x01875D8F0B9180C
0x05 0000011|0001000|01010011100010010|00101111|0000100000|000101100  0x01885389178402C
0x06 0000011|0001001|01011001101101000|01000001|0001100011|001000101  0x018959B4208C645
0x07 0000011|0001010|01001000001110110|00110000|1101010000|000100100  0x018A483B186A024
0x08 0000011|0001011|01001001000001110|01000010|1101011001|000111110  0x018B4907216B23E
BX = 010 Event : 3
0x00 0000011|0000001|01001000000011100|00111100|0000100100|000100111  0x0181480E1E04827
0x01 0000011|0000010|01010011101100010|01011110|0010100010|001010110  0x018253B12F14456
0x02 0000011|0000111|01101000010001100|11100100|0100000110|111101100  0x018768467220DEC
0x03 0000011|0001000|01011101101011010|11101110|0010000010|111111110  0x01885DAD77105FE
0x04 0000011|0001001|01100010101110100|11101101|0010111000|111111100  0x018962BA76971FC
BX = 011 Event : 4
0x00 0000011|0000000|01000100000011110|11101010|0000000001|111101010  0x0180440F75003EA
0x01 0000011|0000010|01100111001101010|00001111|0101010000|000000011  0x0182673507AA003
0x02 0000011|0001011|01001001111101110|11110101|1111010011|111111100  0x018B49F77AFA7FC
0x03 0000011|0001101|01001010001111100|11110001|1111011000|111110110  0x018D4A3E78FB1F6
0x04 0000011|0001111|01001011111001000|11101111|1111110001|111110001  0x018F4BE477FE3F1
0x05 0000011|0010001|01001000000100100|11100100|1110110110|111011100  0x019148127276DDC
0x06 0000011|0010010|01001111001010000|11101100|0000000011|111100111  0x01924F2876007E7
0x07 0000011|0010110|01101001100110110|11010110|0100101010|111010011  0x0196699B6B255D3
0x08 0000011|0010111|01101000100011100|11110001|0100011111|111110111  0x0197688E78A3FF7
0x09 0000011|0011000|01101010000110010|11101001|0100110100|111101001  0x01986A1974A69E9
0x0a 0000011|0011001|01010111110011110|00001110|0001011001|000001011  0x019957CF070B20B
0x0b 0000011|0011010|01010110111111000|00001101|0001001100|000001010  0x019A56FC068980A
0x0c 0000011|0011011|01101010111110110|10111111|0100111001|111001010  0x019B6AFB5FA73CA
0x0d 0000011|0011100|01000100001100110|11100101|1101111010|111011101  0x019C443372EF5DD
0x0e 0000011|0011101|01001011000011100|11101101|1111000101|111101000  0x019D4B0E76F8BE8
0x0f 0000011|0100001|01000010000011000|01101010|1101000100|001011111  0x01A1420C356885F
0x10 0000011|0100100|01010011001110010|11010101|1111010001|111010001  0x01A453396AFA3D1
0x11 0000011|0100101|01001101101011110|11010110|1110010100|111010010  0x01A54DAF6B729D2
0x12 0000011|0100110|01011001000110000|11011111|0000010001|111011110  0x01A659186F823DE
0x13 0000011|0100111|01010010011011000|00010101|0000000110|000011001  0x01A7526C0A80C19
0x14 0000011|0101000|01001101010000000|00010011|1110110101|000010110  0x01A84D4009F6A16
0x15 0000011|0101001|01010100111000010|00010010|0000101100|000010100  0x01A954E10905814
0x16 0000011|0101010|01011010001011110|10000011|0000101000|110011100  0x01AA5A2F418519C
0x17 0000011|0101011|01100011011111010|11001101|0010000010|111000110  0x01AB637D66905C6
0x18 0000011|0101100|01100111010111010|11001110|0010101100|111001000  0x01AC675D67159C8
0x19 0000011|0101101|01011100011111110|11011010|0000110110|111010111  0x01AD5C7F6D06DD7
0x1a 0000011|0101110|01101011001100010|01100111|0100011011|001011001  0x01AE6B3133A3659
BX = 100 Event : 5
0x00 0000011|0000010|01000001010111000|10111000|1111011001|111001101  0x0182415C5C7B3CD
0x01 0000011|0000011|01011100010101100|11011011|0100101000|111011000  0x01835C566DA51D8
0x02 0000011|0001000|01000010101100000|11110000|1110001100|111100101  0x018842B078719E5
0x03 0000011|0001001|01000000001100000|10110000|1101011101|111000100  0x01894030586BBC4
0x04 0000011|0001010|01010000101111010|10011100|0001010101|110011111  0x018A50BD4E0AB9F
0x05 0000011|0001101|01001000111000000|11111110|1110110000|111110001  0x018D48E07F761F1
0x06 0000011|0001110|01000011100000100|00110100|1101001011|000110000  0x018E43821A69630
0x07 0000011|0001111|01000000101000010|00101010|1100011101|000011011  0x018F40A11563A1B
0x08 0000011|0010000|01010000110001100|00010001|0000000110|000001011  0x019050C60880C0B
0x09 0000011|0010001|01011011001000000|00010010|0001110111|000001101  0x01915B20090EE0D
0x0a 0000011|0010010|01011100010011010|00010011|0010000100|000001101  0x01925C4D099080D
0x0b 0000011|0010011|01011011110000000|00010100|0001111110|000001111  0x01935BC00A0FC0F
0x0c 0000011|0010100|01100000011010110|00010100|0010110001|000001111  0x0194606B0A1620F
0x0d 0000011|0011000|01011100001101100|10000111|0001001011|110100001  0x01985C3643897A1
0x0e 0000011|0011001|01101110001100100|01010010|0100100111|001010100  0x01996E322924E54
BX = 101 Event : 6
0x00 0000011|0000000|01000010001011110|11110010|0000000011|111110001  0x0180422F79007F1
0x01 0000011|0000001|01000010011110010|11110010|0000000111|111110001  0x018142797900FF1
0x02 0000011|0000011|01001110010001000|10010101|0001010110|110010111  0x01834E444A8AD97
BX = 110 Event : 7
0x00 0000011|0000010|01000111011010010|01101000|1111100100|001010011  0x01824769347C853
0x01 0000011|0000111|01000011100000100|01010101|1101101000|001010011  0x018743822AED053
0x02 0000011|0001010|01010100111111100|11001110|1111110111|111010011  0x018A54FE677EFD3
0x03 0000011|0001011|01010111111110110|11001101|0000011001|111010000  0x018B57FB66833D0
0x04 0000011|0001100|01010000011101110|11010001|1111000010|111010110  0x018C507768F85D6
0x05 0000011|0001101|01010001110100000|11010010|1111010010|111011000  0x018D51D0697A5D8
0x06 0000011|0001110|01101000101110100|10111001|0011011010|110110100  0x018E68BA5C9B5B4
BX = 111 Event : 8
0x00 0000011|0000000|01000010110001110|11110110|1111001101|111111001  0x018042C77B79BF9
0x01 0000011|0000010|01001001100001000|01001100|0000100001|001001111  0x01824984260424F
0x02 0000011|0000011|01001010101010010|00001010|0000100010|000010011  0x01834AA90504413
0x03 0000011|0000100|01001101101110100|00001011|0001000011|000010101  0x01844DBA0588615
0x04 0000011|0001001|01010100111100000|11001001|0010010011|111001110  0x018954F064927CE
0x05 0000011|0001010|01010010010110110|11000111|0001101010|111001001  0x018A525B638D5C9
0x06 0000011|0001011|01100101010000100|00010111|0010111011|000010001  0x018B65420B97611
BX = 000 Event : 9
0x00 0000011|0000000|01000101011111100|00100011|0000001001|000101011  0x0180457E118122B
0x01 0000011|0000001|01000100101000100|00010001|1111111100|000001000  0x018144A208FF808
0x02 0000011|0000010|01000000010010010|00011100|1111001100|000010111  0x018240490E79817
0x03 0000011|0000101|01000000000000100|10011110|1111111011|110011101  0x018540024F7F79D
0x04 0000011|0000110|01000011010100110|10110101|0000100000|110111100  0x018643535A841BC
0x05 0000011|0000111|01100011111011110|11110011|0101001101|111101010  0x018763EF79A9BEA
0x06 0000011|0001000|01100000111110110|00001011|0100101110|000001010  0x018860FB05A5C0A
0x07 0000011|0001001|01011011010110110|00010000|0011110010|000010000  0x01895B5B081E410
0x08 0000011|0001010|01100100010011000|11110011|0101010010|111101001  0x018A644C79AA5E9
0x09 0000011|0001011|01100001010111110|00001010|0100110100|000001001  0x018B615F0526809
0x0a 0000011|0001100|01011011101111110|00001111|0011111000|000001111  0x018C5BBF079F00F
0x0b 0000011|0001101|01011100100000110|01100101|0011110011|001001111  0x018D5C83329E64F
0x0c 0000011|0001111|01011101010001100|01100000|0011111111|001000110  0x018F5D46301FE46
0x0d 0000011|0010101|01000000101100000|11000001|1110011000|111010101  0x019540B060F31D5
0x0e 0000011|0011001|01010110111000010|11110001|0010000110|111100101  0x019956E17890DE5
0x0f 0000011|0011010|01010011001000010|00001000|0001011110|000000101  0x019A5321040BC05
0x10 0000011|0011011|01001101100101110|00001101|0000100010|000001011  0x019B4D97068440B
0x11 0000011|0011100|01000100010111000|00010111|1110111111|000011001  0x019C445C0BF7E19
0x12 0000011|0011101|01010110111000010|11110001|0010000110|111100101  0x019D56E17890DE5
0x13 0000011|0011110|01010011001000010|00001000|0001011110|000000100  0x019E5321040BC04
0x14 0000011|0011111|01001101100101110|00001101|0000100010|000001011  0x019F4D97068440B
0x15 0000011|0100000|01000100010111000|00010111|1110111111|000011001  0x01A0445C0BF7E19
0x16 0000011|0100001|01001101100101110|00000100|0000001010|111111100  0x01A14D9702015FC
0x17 0000011|0100010|01001000000011000|00001000|1111001110|000000010  0x01A2480C0479C02
0x18 0000011|0100011|01011111101111000|00000001|0011100101|111111100  0x01A35FBC009CBFC
0x19 0000011|0100100|01101011010001000|00010101|0101011111|000010110  0x01A46B440AABE16
0x1a 0000011|0100101|01011111101111000|00000001|0011100101|111111011  0x01A55FBC009CBFB
0x1b 0000011|0100110|01101011010001000|00010101|0101011111|000010110  0x01A66B440AABE16
0x1c 0000011|0100111|01011010001100000|11111101|0010010010|111110011  0x01A75A307E925F3
0x1d 0000011|0101000|01100101111111000|00010001|0100001111|000001110  0x01A865FC08A1E0E
0x1e 0000011|0101001|01100000000011100|11000100|0011000111|111010001  0x01A9600E6218FD1
0x1f 0000011|0101010|01011100000101100|10111110|0010001010|111000111  0x01AA5C165F115C7
0x20 0000011|0101011|01011111001111100|11010100|0010101101|111100101  0x01AB5F3E6A15BE5
0x21 0000011|0101100|01011110101011000|10111010|0010110001|110111110  0x01AC5EAC5D163BE
0x22 0000011|0101101|01100001111001100|11010001|0011010110|111011111  0x01AD61E6689ADDF
0x23 0000011|0101110|01101010010011010|11000101|0101010111|111001000  0x01AE6A4D62AAFC8
0x24 0000011|0101111|01100110001110100|10111111|0100011001|110111100  0x01AF663A5FA33BC
0x25 0000011|0110001|01011110100011000|11101011|0010000101|111110100  0x01B15E8C7590BF4
0x26 0000011|0110010|01010000011101110|00000001|1111111110|111111010  0x01B2507700FFDFA
0x27 0000011|0110011|01011100110010000|00010101|0010000010|000010101  0x01B35CC80A90415
0x28 0000011|0110100|01001011111011100|11111010|1110111001|111101110  0x01B44BEE7D773EE
0x29 0000011|0110101|01011000110101000|00001111|0001000101|000001010  0x01B558D40788A0A
0x2a 0000011|0110110|01011010011001010|10001100|0000110011|110010110  0x01B65A654606796
0x2b 0000011|0110111|01001101100101000|11000010|1110101000|111001110  0x01B74D9461751CE
0x2c 0000011|0111000|01010101111011010|10110100|0000101010|110110011  0x01B855ED5A055B3
0x2d 0000011|0111001|01011001001111100|11001010|0001001111|111010001  0x01B9593E6509FD1
0x2e 0000011|0111010|01101111000010110|00110001|0100111010|000101000  0x01BA6F0B18A7428
BX = 001 Event : 10
0x00 0000011|0000000|01010000111100010|11001011|0010100011|111011010  0x018050F165947DA
0x01 0000011|0000001|01100000100100010|11000001|0101001101|111001100  0x0181609160A9BCC
BX = 010 Event : 11
0x00 0000011|0000000|01100010100001010|01010000|0100111001|001000011  0x018062852827243
0x01 0000011|0000001|01100101010110100|01100110|0101100001|001011001  0x0181655A332C259
0x02 0000011|0000010|01100101010101110|01100111|0101100001|001011010  0x0182655733AC25A
0x03 0000011|0000011|01010100110001100|01011010|0001101010|001000100  0x018354C62D0D444
0x04 0000011|0000100|01010011110100000|01111011|0001100000|001110001  0x018453D03D8C071
BX = 011 Event : 12
0x00 0000011|0000010|01100011100111000|00100001|0101100011|000011111  0x0182639C10AC61F
0x01 0000011|0000011|01011010110010100|00110110|0100000101|000111011  0x01835ACA1B20A3B
0x02 0000011|0000100|01011000101100110|00010101|0010111110|000000111  0x018458B30A97C07
0x03 0000011|0000101|01001111100100100|00101001|0001011100|000100010  0x01854F92148B822
0x04 0000011|0001000|01010111110100110|10000110|0010111111|110010011  0x018857D34317F93
0x05 0000011|0001001|01100111011110100|00100110|0101011011|000011110  0x0189677A132B61E
0x06 0000011|0010000|01000011001111010|10000001|1110001111|110001001  0x0190433D40F1F89
0x07 0000011|0010001|01001110001111110|10100110|0000001001|110111101  0x01914E3F53013BD
0x08 0000011|0010010|01001110000000110|10100111|0000000110|110111110  0x01924E035380DBE
0x09 0000011|0010011|01011000110010110|01010000|0001111111|001001000  0x019358CB280FE48
0x0a 0000011|0010100|01011101100001110|01001110|0011000111|001000101  0x01945D872718E45
0x0b 0000011|0010101|01101011010011000|01100001|0101100000|001010001  0x01956B4C30AC051
0x0c 0000011|0010110|01101010100000110|01011110|0101010101|001001100  0x01966A832F2AA4C
0x0d 0000011|0010111|01010111101001100|10001111|0001110001|110011101  0x019757A6478E39D
0x0e 0000011|0011000|01011001101011100|10010101|0010001000|110100101  0x019859AE4A911A5
0x0f 0000011|0011010|01000010001111000|01001100|1100100100|001000001  0x019A423C2664841
0x10 0000011|0011100|01001010010011110|10011010|1110100010|110110001  0x019C4A4F4D745B1
0x11 0000011|0011101|01000010111001010|10001111|1100110000|110011101  0x019D42E547E619D
0x12 0000011|0011110|01000011110100100|10000100|1100111110|110001000  0x019E43D24267D88
BX = 100 Event : 13
0x00 0000011|0000000|01000010010001110|10000111|0000000000|110010111  0x018042474380197
0x01 0000011|0000001|01100101100000100|11110011|0100000000|111110100  0x0181658279A01F4
0x02 0000011|0000010|01101010011011110|11101101|0100010101|111111100  0x01826A6F76A2BFC
0x03 0000011|0000011|01100110100010100|01001001|0010101001|001000110  0x0183668A2495246
BX = 101 Event : 14
0x00 0000011|0000010|01001010110111010|11000001|1111101001|111000000  0x01824ADD60FD3C0
0x01 0000011|0000011|01001001101011110|11000101|1111011100|111000100  0x018349AF62FB9C4
0x02 0000011|0000100|01010101001100010|11001100|0010001011|111010101  0x0184553166117D5
0x03 0000011|0000101|01010011001000110|11010000|0001110011|111011010  0x01855323680E7DA
0x04 0000011|0000110|01010101010001100|11001100|0010001101|111010101  0x018655466611BD5
0x05 0000011|0000111|01010011100010010|11001111|0001111010|111011010  0x01875389678F5DA
0x06 0000011|0001000|01001011101110000|11001011|1111110110|111010010  0x01884BB865FEDD2
0x07 0000011|0001001|01001010011011110|11001110|1111101000|111010110  0x01894A6F677D1D6
0x08 0000011|0001010|01010101101111010|10111110|0001011110|110111011  0x018A55BD5F0BDBB
0x09 0000011|0001011|01011011010100000|10111010|0010011010|110110110  0x018B5B505D135B6
0x0a 0000011|0001100|01100001110101010|11000010|0011011111|111000000  0x018C61D5611BFC0
0x0b 0000011|0001101|01010111101001100|11000110|0001110010|111000110  0x018D57A6630E5C6
0x0c 0000011|0001110|01100010011110000|00000001|0011011001|111111100  0x018E6278009B3FC
0x0d 0000011|0001111|01101100111010110|10100101|0101001110|110110001  0x018F6CEB52A9DB1
0x0e 0000011|0010000|01101100100101110|10100110|0101001010|110110010  0x01906C9753295B2
0x0f 0000011|0010001|01101101001001000|10100000|0101010010|110101000  0x01916D24502A5A8
0x10 0000011|0010010|01100100001100100|11010000|0100111010|111011100  0x0192643268275DC
0x11 0000011|0010011|01100001111101000|11010000|0100010110|111011011  0x019361F46822DDB
0x12 0000011|0010100|01010111000001110|11000101|0001110011|111001011  0x01945707628E7CB
0x13 0000011|0010101|01011101011101010|11000100|0010111010|111001001  0x01955D7562175C9
0x14 0000011|0010110|01100100001011110|11001011|0100000100|111010011  0x0196642F65A09D3
0x15 0000011|0010111|01011001001111010|11001110|0010001100|111011000  0x0197593D67119D8
0x16 0000011|0011011|01011011011011010|10111111|0000110101|111001010  0x019B5B6D5F86BCA
0x17 0000011|0011100|01010000000111100|10100011|1110111001|110100100  0x019C501E51F73A4
0x18 0000011|0011101|01011011011001110|10111111|0000110101|111001010  0x019D5B675F86BCA
0x19 0000011|0011110|01000100000001000|11010000|1100110101|111100001  0x019E44046866BE1
0x1a 0000011|0011111|01000011110100010|11010010|1100110011|111100100  0x019F43D169667E4
0x1b 0000011|0100000|01011111110001110|10110010|0001110110|110110010  0x01A05FC7590EDB2
0x1c 0000011|0100001|01000100011110110|11001001|1100111100|111010011  0x01A1447B64E79D3
0x1d 0000011|0100010|01000100011100000|11001001|1100111100|111010011  0x01A2447064E79D3
0x1e 0000011|0100011|01001110101111000|11010000|1110110010|111011101  0x01A34EBC68765DD
0x1f 0000011|0100100|01000100000110000|11010100|1100111000|111100011  0x01A444186A671E3
0x20 0000011|0100101|01001001011001010|11000110|1110001111|111001100  0x01A549656371FCC
0x21 0000011|0100110|01001011011000000|11000100|1110100110|111001010  0x01A64B606274DCA
0x22 0000011|0100111|01010101011000010|11001100|0000011011|111010101  0x01A7556166037D5
0x23 0000011|0101000|01001001110001010|11010000|1110010011|111011100  0x01A849C568727DC
0x24 0000011|0101001|01100101100110010|10110010|0011001101|110110001  0x01A965995919BB1
0x25 0000011|0101010|01001010111111100|11000111|1110101001|111001110  0x01AA4AFE63F53CE
0x26 0000011|0101011|01001101001010100|11000110|1111000001|111001101  0x01AB4D2A63783CD
0x27 0000011|0101100|01010101011001000|11001101|0000011011|111010110  0x01AC556466837D6
0x28 0000011|0101101|01001011100010000|11010000|1110101111|111011011  0x01AD4B886875FDB
0x29 0000011|0101110|01001101100101110|11000101|1111010101|111001010  0x01AE4D9762FABCA
0x2a 0000011|0101111|01010000101111010|11000011|1111111000|111001000  0x01AF50BD61FF1C8
0x2b 0000011|0110000|01011000110100010|11001010|0001010010|111010010  0x01B058D1650A5D2
0x2c 0000011|0110001|01001110011111110|11001110|1111011111|111010111  0x01B14E7F677BFD7
0x2d 0000011|0110010|01011111010011100|10110000|0001100011|110110100  0x01B25F4E580C7B4
0x2e 0000011|0110011|01011011100110110|10111111|0000111000|111001001  0x01B35B9B5F871C9
0x2f 0000011|0110100|01011110100111110|10110011|0001011000|110111001  0x01B45E9F598B1B9
0x30 0000011|0110101|01011011100011010|10111111|0000110111|111001010  0x01B55B8D5F86FCA
0x31 0000011|0110110|01011111011110000|10110011|0001110011|110110100  0x01B65F78598E7B4
0x32 0000011|0110111|01100100110001010|10110011|0011000100|110110011  0x01B764C559989B3
BX = 110 Event : 15
0x00 0000011|0000000|01000001000111110|11110001|1111110010|111101110  0x0180411F78FE5EE
0x01 0000011|0000010|01001000000000010|11000010|0000111111|111001100  0x018248016107FCC
0x02 0000011|0000011|01001101111001100|11001001|0010000001|111010110  0x01834DE664903D6
0x03 0000011|0000100|01011011000101010|01000010|0100000000|000110110  0x01845B152120036
0x04 0000011|0000101|01011010011010010|01000000|0011110101|000110010  0x01855A69201EA32
0x05 0000011|0000111|01011000010010110|10001011|0010111010|110011110  0x0187584B459759E
0x06 0000011|0001000|01011001100100110|10001010|0011001111|110011101  0x018859934519F9D
0x07 0000011|0001001|01001010110001110|10000101|1111010101|110001001  0x01894AC742FAB89
0x08 0000011|0001110|01001110110110000|11011111|1110011110|111100110  0x018E4ED86FF3DE6
0x09 0000011|0001111|01010010111011010|00000000|1111101101|000001000  0x018F52ED007DA08
0x0a 0000011|0010000|01001100110010100|00000001|1110101010|000001010  0x01904CCA00F540A
0x0b 0000011|0010001|01010100010100010|00000110|1111111011|000010000  0x01915451037F610
0x0c 0000011|0010010|01101111111011010|00011111|0100100110|000011100  0x01926FED0FA4C1C
0x0d 0000011|0010011|01101111111011010|00011110|0100100110|000011100  0x01936FED0F24C1C
BX = 111 Event : 16
0x00 0000011|0000011|01000011000001100|00100111|1110100100|000101011  0x0183430613F482B
0x01 0000011|0000100|01000011000001100|00100100|1110100100|000100101  0x018443061274825
0x02 0000011|0001000|01011111001101110|10011111|0011010101|110110000  0x01885F374F9ABB0
0x03 0000011|0001001|01100010010000100|10011100|0100000011|110101010  0x018962424E207AA
0x04 0000011|0001010|01100010011011110|10011100|0100000101|110101010  0x018A626F4E20BAA
0x05 0000011|0001011|01100101111101100|11001011|0100001011|111011110  0x018B65F665A17DE
0x06 0000011|0001100|01101000101100110|11001010|0100110101|111011101  0x018C68B36526BDD
0x07 0000011|0001101|01100111011010110|11000101|0100100001|111010011  0x018D676B62A43D3
0x08 0000011|0001110|01010011000101000|11111010|1111001111|111110011  0x018E53147D79FF3
0x09 0000011|0001111|01011100001100000|11110110|0001011100|111101101  0x018F5C307B0B9ED
0x0a 0000011|0010010|01001110000011000|11000111|1110010100|111010110  0x01924E0C63F29D6
0x0b 0000011|0010011|01011010100111000|11000011|0001011010|111001111  0x01935A9C618B5CF
0x0c 0000011|0010100|01001111001001000|11000011|1110100110|111001111  0x01944F2461F4DCF
BX = 000 Event : 17
0x00 0000011|0000000|01011111100110100|11001111|0101000011|111011111  0x01805F9A67A87DF
0x01 0000011|0000001|01011110100000110|11001010|0100110001|111010111  0x01815E8365263D7
0x02 0000011|0000010|01011101101101110|11010110|0100101001|111100111  0x01825DB76B253E7
0x03 0000011|0000011|01011000110101010|11001010|0011010101|111010110  0x018358D5651ABD6
0x04 0000011|0000100|01010111010110000|11010110|0011000100|111100111  0x018457586B189E7
0x05 0000011|0001101|01000001011010000|11001010|1101100100|111001111  0x018D4168656C9CF
0x06 0000011|0001110|01100011011000110|11111101|0011010011|111111110  0x018E63637E9A7FE
0x07 0000011|0001111|01101000101111010|11111110|0100001101|000000001  0x018F68BD7F21A01
0x08 0000011|0010000|01100011011000110|11111100|0011010011|111111101  0x019063637E1A7FD
0x09 0000011|0010001|01101000101111010|11111110|0100001101|000000000  0x019168BD7F21A00
0x0a 0000011|0010010|01101010110101100|11110100|0101000100|111101110  0x01926AD67A289EE
0x0b 0000011|0010011|01100111001101100|00010100|0100001100|000001001  0x019367360A21809
0x0c 0000011|0010100|01100001101000010|00100011|0010111000|000100110  0x019461A11197026
0x0d 0000011|0010101|01100111010100010|00000110|0011110101|111111110  0x01956751031EBFE
0x0e 0000011|0010110|01010000010010110|01001111|1110110011|001000110  0x0196504B27F6646
0x0f 0000011|0010111|01001110011011100|01001110|1110011110|001000101  0x01974E6E2773C45
0x10 0000011|0011000|01001111110011010|10000010|1111111010|110010010  0x01984FCD417F592
BX = 001 Event : 18
0x00 0000011|0000000|01000100011010000|11111111|0000000000|000001010  0x018044687F8000A
0x01 0000011|0000001|01000010000111100|01100101|1111010000|001001100  0x0181421E32FA04C
0x02 0000011|0000010|01100001111111110|11101000|0101000000|111101011  0x018261FF74281EB
0x03 0000011|0000011|01100000011011100|11101001|0100101111|111101101  0x0183606E74A5FED
0x04 0000011|0000110|01001101111000000|00010001|0000100000|000010000  0x01864DE00884010
0x05 0000011|0000111|01001010010011010|00010000|1111101001|000001110  0x01874A4D087D20E
0x06 0000011|0001000|01001101100000110|00001111|0000011010|000001100  0x01884D83078340C
0x07 0000011|0001011|01000000000011110|00010000|1101001011|000001111  0x018B400F086960F
0x08 0000011|0001100|01010101011010110|11111001|1111101011|000000100  0x018C556B7CFD604
0x09 0000011|0001101|01101101111001100|11110100|0100111011|000000001  0x018D6DE67A27601
BX = 010 Event : 19
0x00 0000011|0000100|01100101101100100|10101000|0101000010|110110010  0x018465B254285B2
0x01 0000011|0000101|01100101110110010|10101001|0101000101|110110010  0x018565D954A8BB2
0x02 0000011|0000110|01000111101010110|00111111|1110011100|001000000  0x018647AB1FF3840
0x03 0000011|0000111|01010000111101100|11010100|0000000100|111010110  0x018750F66A009D6
0x04 0000011|0001000|01101010000101100|11010000|0100010001|111010001  0x01886A1668223D1
0x05 0000011|0001001|01010000110110110|10101100|0000000001|110111000  0x018950DB56003B8
0x06 0000011|0001010|01010000011111110|10100101|1111111011|110101010  0x018A507F52FF7AA
BX = 011 Event : 20
0x00 0000011|0000010|01010100111101100|00000111|0001011011|000010010  0x018254F6038B612
0x01 0000011|0000011|01010100100110100|00001000|0001010111|000010011  0x0183549A040AE13
0x02 0000011|0000100|01010100111101100|00000111|0001011011|000010001  0x018454F6038B611
0x03 0000011|0000101|01010100100110100|00000111|0001010111|000010010  0x0185549A038AE12
0x04 0000011|0000110|01010111010011000|11110100|0001111111|111101100  0x0186574C7A0FFEC
0x05 0000011|0000111|01010110111011110|11110100|0001111011|111101101  0x018756EF7A0F7ED
0x06 0000011|0001000|01000101110010100|01100010|1110110010|001001110  0x018845CA317644E
0x07 0000011|0001001|01100111101010010|11100000|0100001100|111100100  0x018967A970219E4
0x08 0000011|0001010|01100111100110100|11100000|0100001011|111100100  0x018A679A70217E4
0x09 0000011|0001011|01101100110100110|11010101|0101011001|111001110  0x018B6CD36AAB3CE
0x0a 0000011|0001100|01101100110100110|11010100|0101011001|111001101  0x018C6CD36A2B3CD
0x0b 0000011|0001110|01000011011101110|00000100|1101001100|000001011  0x018E4377026980B
0x0c 0000011|0001111|01000011000110100|00000101|1101001000|000001100  0x018F431A02E900C
0x0d 0000011|0010001|01011111000101010|11100101|0010001011|111101101  0x01915F1572917ED
0x0e 0000011|0010010|01011100011001010|11100111|0001101110|111101111  0x01925C65738DDEF
0x0f 0000011|0010100|01011100100011100|01010001|0010000100|001000000  0x01945C8E2890840
0x10 0000011|0010101|01010101110110110|01101111|0000111011|001101000  0x019555DB3787668
0x11 0000011|0010110|01000010110110110|01100000|1100100001|001001101  0x019642DB306424D
0x12 0000011|0011000|01101111001111110|10101111|0101010110|110110001  0x01986F3F57AADB1
BX = 100 Event : 21
0x00 0000011|0000001|01000001011110000|10111100|1110100100|111000100  0x018141785E749C4
BX = 101 Event : 22
0x00 0000011|0000010|01000001111000010|00101101|1111101000|000011010  0x018241E116FD01A
0x01 0000011|0000011|01000011010110000|00110000|1111111000|000011111  0x01834358187F01F
BX = 110 Event : 23
0x00 0000011|0000001|01001000100011010|11011011|0000101001|111011100  0x0181488D6D853DC
0x01 0000011|0000011|01100100001101000|00010101|0100111100|000010100  0x018364340AA7814
0x02 0000011|0000100|01010101011110000|10101001|0011001011|110111111  0x0184557854997BF
0x03 0000011|0000101|01010100010011000|11101010|0001100101|111101100  0x0185544C750CBEC
0x04 0000011|0000110|01010101101111000|00011100|0001100000|000100010  0x018655BC0E0C022
0x05 0000011|0000111|01010001100000000|00011010|0000011110|000011110  0x018751800D03C1E
0x06 0000011|0001000|01011111000010100|00010111|0011101110|000011001  0x01885F0A0B9DC19
0x07 0000011|0001001|01011111101010010|00010101|0011111000|000010100  0x01895FA90A9F014
0x08 0000011|0001110|01110010000101110|11101001|0100100111|111101000  0x018E721774A4FE8
0x09 0000011|0001111|01111000110100110|00001100|0101100100|000001000  0x018F78D3062C808
BX = 111 Event : 24
0x00 0000011|0000001|01100001101110100|00010101|0101100100|000001101  0x018161BA0AAC80D
0x01 0000011|0001000|01100011011000110|11101110|0010010101|111100011  0x018863637712BE3
BX = 000 Event : 25
0x00 0000011|0000011|01000111110101100|11010101|1111011000|111011010  0x018347D66AFB1DA
0x01 0000011|0000100|01100000001000100|11111000|0011011100|111110100  0x018460227C1B9F4
0x02 0000011|0000101|01100000001000100|11111010|0011011100|111110110  0x018560227D1B9F6
0x03 0000011|0000110|01001101001000110|10011011|1111011010|110110001  0x01864D234DFB5B1
0x04 0000011|0000111|01000000101110110|10100010|1101010101|110111010  0x018740BB516ABBA
0x05 0000011|0001001|01001100010110110|10010000|1111001110|110011011  0x01894C5B4879D9B
0x06 0000011|0001100|01010100011100110|11100101|1111100101|111100111  0x018C547372FCBE7
0x07 0000011|0001101|01001011100010000|01101001|1110110000|001010010  0x018D4B8834F6052
0x08 0000011|0001110|01100100100000010|10110011|0010100001|111000000  0x018E648159943C0
BX = 001 Event : 26
0x00 0000011|0000000|01010001100101110|11100101|0010101001|111110000  0x0180519772953F0
0x01 0000011|0000100|01000110100010010|01111011|1110100000|001101101  0x018446893DF406D
0x02 0000011|0000110|01000110100011000|01111011|1110100000|001101110  0x0186468C3DF406E
0x03 0000011|0001110|01001110011000110|11001111|1110011101|111010000  0x018E4E6367F3BD0
0x04 0000011|0001111|01001110011000110|11010000|1110011101|111010001  0x018F4E636873BD1
0x05 0000011|0010000|01001000000011100|11001101|1101011001|111001101  0x0190480E66EB3CD
0x06 0000011|0010001|01001111011111100|11010001|1110101001|111010001  0x01914F7E68F53D1
0x07 0000011|0010010|01010000111101000|00011100|1111011010|000100000  0x019250F40E7B420
0x08 0000011|0010011|01100110100111010|01001011|0011100111|000110111  0x0193669D259CE37
0x09 0000011|0010100|01100110011010110|01001100|0011100101|000111000  0x0194666B261CA38
0x0a 0000011|0010101|01110000100001110|01111110|0101000000|001110100  0x019570873F28074
BX = 010 Event : 27
0x00 0000011|0000000|01011000000010100|00100110|0011111101|000011101  0x0180580A131FA1D
0x01 0000011|0000001|01010111111001110|00101001|0011111011|000100000  0x018157E7149F620
0x02 0000011|0000111|01101010001000000|11100010|0101011110|111110000  0x01876A20712BDF0
0x03 0000011|0001000|01011111110101110|11100101|0011101001|111110100  0x01885FD7729D3F4
0x04 0000011|0001011|01101100001110110|10001101|0011110100|110101001  0x018B6C3B469E9A9
BX = 011 Event : 28
0x00 0000011|0000010|01000000010000010|11110011|1110011000|111111010  0x0182404179F31FA
BX = 100 Event : 29
0x00 0000011|0000100|01100111110110100|00100111|0101010001|000100010  0x018467DA13AA222
0x01 0000011|0000101|01100111111011010|00100111|0101010010|000100010  0x018567ED13AA422
0x02 0000011|0000110|01100101011000010|11000100|0100010010|111011000  0x0186656162225D8
0x03 0000011|0000111|01001100000110000|11000011|1111010000|111001000  0x01874C1861FA1C8
0x04 0000011|0001000|01101110100100010|11000111|0101001011|111001101  0x01886E9163A97CD
0x05 0000011|0001001|01101110011001110|11000111|0101001001|111001101  0x01896E6763A93CD
0x06 0000011|0001010|01101110100110010|11000110|0101001100|111001101  0x018A6E9963299CD
0x07 0000011|0001011|01101110011101010|11000111|0101001010|111001101  0x018B6E7563A95CD
BX = 101 Event : 30
0x00 0000011|0000000|01010001110011100|00000010|0001100001|000000010  0x018051CE010C202
0x01 0000011|0000001|01010111101100000|00000011|0010100001|000000100  0x018157B00194204
0x02 0000011|0000010|01000101100001100|10110010|1100110110|110110011  0x018245865966DB3
0x03 0000011|0000011|01000011100111100|10111111|1100100000|111000110  0x0183439E5FE41C6
0x04 0000011|0000100|01010101101101110|11011001|1111101110|111101010  0x018455B76CFDDEA
0x05 0000011|0000110|01011110000001000|10101010|0001001101|110101000  0x01865E045509BA8
BX = 110 Event : 31
0x00 0000011|0000000|01011000010101100|01011101|0010000110|001011100  0x018058562E90C5C
BX = 111 Event : 32
0x00 0000011|0000001|01000110010010100|10001100|1110110111|110011101  0x0181464A4676F9D
0x01 0000011|0000011|01001110010001010|10001011|0000111011|110011011  0x01834E45458779B
0x02 0000011|0000100|01001011110101000|10100000|0000100001|110111000  0x01844BD450043B8
0x03 0000011|0000101|01100000101000000|01000000|0011000110|000110001  0x018560A02018C31
0x04 0000011|0000110|01011101001110100|10011001|0010111110|110110000  0x01865D3A4C97DB0
0x05 0000011|0000111|01100011011100110|10010101|0100011101|110101001  0x018763734AA3BA9
0x06 0000011|0001010|01001011101010010|10001000|1110101111|110001111  0x018A4BA94475F8F
BX = 000 Event : 33
0x00 0000011|0000001|01001010000001100|01101011|1111000110|001010001  0x01814A0635F8C51
0x01 0000011|0000010|01001000010011010|01110000|1110000101|001011110  0x0182484D3870A5E
BX = 001 Event : 34
0x00 0000011|0000001|01100001010011000|00100111|0101010001|000101101  0x0181614C13AA22D
0x01 0000011|0000010|01100010000010100|00011010|0101011100|000010011  0x0182620A0D2B813
0x02 0000011|0000011|01100001110010100|00011010|0101011000|000010011  0x018361CA0D2B013
0x03 0000011|0000100|01100001110011100|00011010|0101011001|000010011  0x018461CE0D2B213
0x04 0000011|0000110|01000000010110010|00110011|1100011100|000101000  0x0186405919E3828
0x05 0000011|0001000|01001101110010110|10000111|1111101000|110100010  0x01884DCB43FD1A2
0x06 0000011|0001010|01001000100011010|10000001|1110011010|110011000  0x018A488D40F3598
0x07 0000011|0001011|01000100010001000|10100010|1101010101|110100010  0x018B4444516ABA2
0x08 0000011|0001100|01010010000111100|01011111|0000010011|001001001  0x018C521E2F82649
0x09 0000011|0001110|01110101001110100|11100001|0101010101|111100110  0x018E753A70AABE6
BX = 010 Event : 35
0x00 0000011|0000001|01100000110001010|10110101|0101001011|110111100  0x018160C55AA97BC
0x01 0000011|0000010|01100000111000110|10110101|0101001101|110111100  0x018260E35AA9BBC
0x02 0000011|0000110|01011000101011010|00111011|0001110000|001000001  0x018658AD1D8E041
0x03 0000011|0001000|01010110011100100|11111101|0000011111|111110110  0x018856727E83FF6
0x04 0000011|0001001|01011100110000100|00001100|0001100011|000001010  0x01895CC2060C60A
0x05 0000011|0001010|01011100110101010|00001100|0001100100|000001010  0x018A5CD5060C80A
0x06 0000011|0001101|01011111010101000|10001111|0001100111|110100001  0x018D5F54478CFA1
BX = 011 Event : 36
0x00 0000011|0000000|01011101100101000|10100011|0101010101|110110011  0x01805D9451AABB3
0x01 0000011|0000011|01100011111110000|00000111|0011010111|000000000  0x018363F8039AE00
0x02 0000011|0000100|01100100100100110|00001000|0011011110|000000010  0x01846493041BC02
0x03 0000011|0000101|01010110001010100|10100001|0000001001|110110101  0x0185562A50813B5
0x04 0000011|0000110|01010110110111110|10100000|0000010001|110110100  0x018656DF50023B4
0x05 0000011|0000111|01101110011111100|11000101|0100011011|111011010  0x01876E7E62A37DA
BX = 100 Event : 37
0x00 0000011|0000000|01000000011010010|11110000|1110110011|111110000  0x0180406978767F0
0x01 0000011|0000001|01000001010111100|11110000|1110111101|111110001  0x0181415E7877BF1
0x02 0000011|0000100|01001001100001000|01001100|0000100001|001001111  0x01844984260424F
0x03 0000011|0000101|01001010101010010|00001010|0000100010|000010011  0x01854AA90504413
0x04 0000011|0010000|01010100011010000|11010110|0001011100|111010101  0x019054686B0B9D5
0x05 0000011|0010001|01010001011101100|11101011|0000111100|111110010  0x0191517675879F2
0x06 0000011|0010010|01010111100010000|11010110|0010001100|111010100  0x019257886B119D4
0x07 0000011|0010011|01010100110001100|11101011|0001101110|111110001  0x019354C6758DDF1
0x08 0000011|0010100|01100000011100000|01100100|0011101011|001100000  0x01946070321D660
0x09 0000011|0010101|01011001111010110|01010001|0010000010|000111010  0x019559EB289043A
0x0a 0000011|0011000|01010101001000110|00100011|0000001100|000100010  0x019855231181822
BX = 101 Event : 38
0x00 0000011|0000000|01000010000111000|11110011|1111101100|000000000  0x0180421C79FD800
0x01 0000011|0000001|01000010001110010|11100001|1111101101|111011111  0x0181423970FDBDF
0x02 0000011|0000111|01011000001010000|10111100|0010111101|111010010  0x018758285E17BD2
0x03 0000011|0001001|01100100101110110|10111001|0101000111|111001110  0x018964BB5CA8FCE
0x04 0000011|0010000|01010110010110110|10101111|0010011111|110111000  0x0190565B5793FB8
0x05 0000011|0010001|01100011010000100|10101100|0100101111|110110011  0x019163425625FB3
0x06 0000011|0010011|01100011110000110|10000110|0010111010|110010010  0x019363C34317592
0x07 0000011|0010100|01100011100111100|10000111|0010111000|110010011  0x0194639E4397193
0x08 0000011|0010101|01100101010111100|10010000|0011001011|110100000  0x0195655E48197A0
0x09 0000011|0010110|01100011101111010|10000110|0010111010|110010010  0x019663BD4317592
BX = 110 Event : 39
0x00 0000011|0000000|01010110001011110|10101110|0011000101|110111101  0x0180562F5718BBD
0x01 0000011|0000100|01011111010011000|10111101|0011010000|110111100  0x01845F4C5E9A1BC
0x02 0000011|0000101|01011110110000010|10111101|0011001000|110111100  0x01855EC15E991BC
0x03 0000011|0000110|01010111011100110|11100110|0000011001|111110100  0x0186577373033F4
0x04 0000011|0001000|01101101110010000|00010101|0011111011|000011110  0x01886DC80A9F61E
BX = 111 Event : 40
0x00 0000011|0000000|01000101111010110|11101010|0000110011|111100001  0x018045EB75067E1
0x01 0000011|0000011|01000011100000110|11110101|1101001111|111111100  0x018343837AE9FFC
0x02 0000011|0000101|01000001011100000|11111001|1100111001|000000000  0x018541707CE7200
0x03 0000011|0001000|01010001000110110|11111111|1111100011|000001001  0x0188511B7FFC609
0x04 0000011|0001001|01001100000001110|00000101|1110101100|000010001  0x01894C0702F5811
BX = 000 Event : 41
0x00 0000011|0000000|01000100001010010|11101010|0000000010|111101010  0x0180442975005EA
0x01 0000011|0000011|01101010111110110|10111111|0100111001|111001010  0x01836AFB5FA73CA
0x02 0000011|0000100|01010011001110010|11010101|1111010001|111010001  0x018453396AFA3D1
0x03 0000011|0000101|01001101101011110|11010110|1110010100|111010010  0x01854DAF6B729D2
0x04 0000011|0000110|01001011110111010|00010110|1110100000|000011100  0x01864BDD0B7401C
0x05 0000011|0000111|01010100110101010|00000010|0000000010|000000001  0x018754D50100401
0x06 0000011|0001000|01001011110000000|00010110|1110011110|000011011  0x01884BC00B73C1B
0x07 0000011|0001001|01010100101100000|00000010|0000000000|000000000  0x018954B00100000
0x08 0000011|0001010|01010010011011000|00010101|0000000110|000011001  0x018A526C0A80C19
0x09 0000011|0001011|01011101000001100|00000001|0001111000|111111110  0x018B5D06008F1FE
0x0a 0000011|0001100|01001100000100100|00010010|1110100011|000010100  0x018C4C120974614
0x0b 0000011|0001101|01010100110100110|11111101|0000000001|111111000  0x018D54D37E803F8
0x0c 0000011|0001110|01010100111000010|00010010|0000101100|000010100  0x018E54E10905814
0x0d 0000011|0001111|01100000001101100|11111101|0010100110|111111000  0x018F60367E94DF8
0x0e 0000011|0010000|01011010001011110|10000011|0000101000|110011100  0x01905A2F418519C
0x0f 0000011|0010001|01100111011101010|10110001|0011110110|110101110  0x01916775589EDAE
0x10 0000011|0010010|01011110100111010|11100101|0010010100|111110110  0x01925E9D72929F6
0x11 0000011|0010011|01100011011111010|11001101|0010000010|111000110  0x0193637D66905C6
0x12 0000011|0010100|01100111010111010|11001110|0010101100|111001000  0x0194675D67159C8
0x13 0000011|0010101|01011100011111110|11011010|0000110110|111010111  0x01955C7F6D06DD7
BX = 001 Event : 42
0x00 0000011|0000000|01010011111111000|11111010|0011000111|111110010  0x018053FC7D18FF2
0x01 0000011|0000011|01101100100010010|10111100|0101010011|111001011  0x01836C895E2A7CB
0x02 0000011|0000100|01101101011000010|10111011|0101011100|111001010  0x01846D615DAB9CA
0x03 0000011|0000101|01100011011111010|11010001|0010101100|111001100  0x0185637D68959CC
0x04 0000011|0000110|01100000001010000|11000000|0010010001|111010011  0x0186602860123D3
0x05 0000011|0000111|01011111101000110|11000000|0010001011|111010100  0x01875FA360117D4
0x06 0000011|0001000|01100101111101000|10111011|0011101101|111001001  0x018865F45D9DBC9
0x07 0000011|0001001|01100110000011110|10111010|0011101110|111001001  0x0189660F5D1DDC9
0x08 0000011|0001010|01100111110111100|11001011|0100000010|111100000  0x018A67DE65A05E0
0x09 0000011|0001011|01100111000101100|00110110|0010110010|000101111  0x018B67161B1642F
0x0a 0000011|0001100|01110100100010010|01000001|0101000101|000111111  0x018C748920A8A3F
0x0b 0000011|0001101|01101010101100010|00101100|0011101001|000011100  0x018D6AB1161D21C
0x0c 0000011|0001110|01101111100001100|11000010|0101010110|111010011  0x018E6F86612ADD3
BX = 010 Event : 43
0x00 0000011|0000010|01100110001101010|10001100|0100001011|110100001  0x0182663546217A1
0x01 0000011|0000011|01100000001000000|11000001|0011010100|111001011  0x01836020609A9CB
0x02 0000011|0000100|01001001110010010|01010100|1101101010|001001011  0x018449C92A6D44B
BX = 011 Event : 44
0x00 0000011|0001011|01011111001011110|11000110|0001101110|111001110  0x018B5F2F630DDCE
BX = 100 Event : 45
0x00 0000011|0000001|01011111010111110|00100110|0100100111|000010110  0x01815F5F1324E16
0x01 0000011|0000010|01011111001100100|00110000|0100100101|000100110  0x01825F321824A26
0x02 0000011|0000011|01011010000100000|00111110|0011101010|000111010  0x01835A101F1D43A
0x03 0000011|0000110|01001111001000100|11010001|0000010111|111010101  0x01864F226882FD5
0x04 0000011|0000111|01000100111010000|11100010|1110001000|111011000  0x018744E871711D8
0x05 0000011|0001010|01000111010000010|00111011|1110101010|000111100  0x018A47411DF543C
0x06 0000011|0001011|01000101000100010|01000110|1110010010|001001010  0x018B4511237244A
0x07 0000011|0001110|01100110110001000|11100010|0100010100|111101011  0x018E66C471229EB
0x08 0000011|0001111|01011001010011110|11110011|0001100110|111110000  0x018F594F798CDF0
0x09 0000011|0010000|01010011110010110|00000111|0000101010|000001011  0x019053CB038540B
0x0a 0000011|0010001|01010101011101100|00001001|0000111100|000001101  0x01915576048780D
0x0b 0000011|0010010|01000000001000010|11101000|1100111110|111100011  0x019240217467DE3
0x0c 0000011|0010011|01010110111010100|11111011|0001000010|111111111  0x019356EA7D885FF
0x0d 0000011|0010100|01010001101010000|00001110|0000001001|000011001  0x019451A80701219
0x0e 0000011|0010101|01010011010010110|00010000|0000011011|000011011  0x0195534B080361B
0x0f 0000011|0010110|01010011110010000|11111001|0000010010|111111010  0x019653C87C825FA
0x10 0000011|0010111|01001110101011010|00001100|1111011011|000010100  0x01974EAD067B614
0x11 0000011|0011000|01010000010101100|00001101|1111101101|000010110  0x0198505606FDA16
BX = 101 Event : 46
0x00 0000011|0000010|01000111011011110|00010111|0000101011|000001000  0x0182476F0B85608
0x01 0000011|0000011|01000000100011100|01000101|0000000010|000110011  0x0183408E2280433
0x02 0000011|0000100|01010100101100100|01100000|0011101100|001011010  0x018454B2301D85A
0x03 0000011|0000101|01010000111000000|01001111|0010101101|000111000  0x018550E02795A38
0x04 0000011|0001001|01100011000111110|10110110|0101000101|110110111  0x0189631F5B28BB7
0x05 0000011|0001010|01100010110111110|10110111|0101000010|110111000  0x018A62DF5BA85B8
0x06 0000011|0001100|01011110100011010|00100110|0011001100|000011110  0x018C5E8D131981E
0x07 0000011|0001101|01101101000001100|11001111|0101100100|111011110  0x018D6D0667AC9DE
0x08 0000011|0001111|01001001001011110|00101100|1110001000|000101001  0x018F492F1671029
0x09 0000011|0010000|01011010100010010|01110010|0000101110|001101110  0x01905A893905C6E
0x0a 0000011|0010010|01101101011101110|11110111|0011110000|111111100  0x01926D777B9E1FC
0x0b 0000011|0010011|01011110110011110|00101010|0001100010|000110010  0x01935ECF150C432
0x0c 0000011|0010100|01100111110010000|00101001|0011000010|000110001  0x019467C81498431
0x0d 0000011|0010101|01101100011000010|00010011|0100101111|000000111  0x01956C6109A5E07
0x0e 0000011|0010110|01101111001101010|00011010|0100010101|000001011  0x01966F350D22A0B
0x0f 0000011|0010111|01101000010001000|01001110|0011000110|000111100  0x019768442718C3C
0x10 0000011|0011000|01101001101011100|01101110|0011010110|001101000  0x019869AE371AC68
0x11 0000011|0011001|01011101111100100|10001011|0001001100|110011000  0x01995DF24589998
BX = 110 Event : 47
0x00 0000011|0000001|01011100000000010|00001010|0100000001|000000011  0x01815C010520203
0x01 0000011|0000010|01010101101001110|01111101|0010010110|001110001  0x018255A73E92C71
0x02 0000011|0000100|01001001110010000|11110111|1111111101|000000100  0x018449C87BFFA04
0x03 0000011|0000110|01001001110000010|00100100|1101111011|000100010  0x018649C1126F622
0x04 0000011|0000111|01001010000100100|00100101|1101111110|000100100  0x01874A1212EFC24
0x05 0000011|0001000|01000011010101100|00101100|1100110101|000101110  0x018843561666A2E
0x06 0000011|0001001|01001001110000010|00100010|1101111011|000011110  0x018949C1116F61E
0x07 0000011|0001010|01001010000100100|00100011|1101111110|000100000  0x018A4A1211EFC20
0x08 0000011|0001011|01000011010101100|00101010|1100110101|000101010  0x018B43561566A2A
0x09 0000011|0001101|01010000100011100|10100111|1111010001|110100111  0x018D508E53FA3A7
0x0a 0000011|0001110|01001011100101000|10101100|1110000101|110110001  0x018E4B945670BB1
0x0b 0000011|0001111|01110001111011010|01010100|0100110100|001010011  0x018F71ED2A26853
BX = 111 Event : 48
0x00 0000011|0000000|01000000000100100|11101111|1111100100|111110001  0x0180401277FC9F1
0x01 0000011|0000001|01000000000100100|11110010|1111100100|111110101  0x01814012797C9F5
0x02 0000011|0000010|01000000011001010|10111111|1110101110|111010000  0x018240655FF5DD0
0x03 0000011|0000110|01010011011011000|01101110|0001100010|001010010  0x0186536C370C452
0x04 0000011|0000111|01011101010101000|10001111|0010011010|110011010  0x01875D54479359A
0x05 0000011|0001000|01001011101000010|11110110|1111001010|111101010  0x01884BA17B795EA
0x06 0000011|0001011|01010011111000100|11110011|1111011100|111110111  0x018B53E279FB9F7
BX = 000 Event : 49
0x00 0000011|0000010|01001000001010010|00010000|1110101111|000010010  0x018248290875E12
0x01 0000011|0000100|01000010101010000|10110101|1101000000|111000101  0x018442A85AE81C5
0x02 0000011|0000101|01001111001100110|11100000|1110101101|111100011  0x01854F337075BE3
0x03 0000011|0000110|01001110010010100|11110111|1110100011|000000011  0x01864E4A7BF4603
BX = 001 Event : 50
0x00 0000011|0000000|01100001101010010|10001111|0010111000|110100101  0x018061A947971A5
0x01 0000011|0000001|01101001010010110|10010010|0011110011|110011100  0x0181694B491E79C
0x02 0000011|0000010|01100101111110000|10110000|0011001110|111000111  0x018265F85819DC7
0x03 0000011|0000011|01101000010001100|10010000|0011100011|110011000  0x01836846481C798
0x04 0000011|0000100|01100100111011110|10101110|0010111101|111000100  0x018464EF5717BC4
BX = 010 Event : 51
0x00 0000011|0000010|01100100100000110|10001110|0100000000|110100000  0x0182648347201A0
0x01 0000011|0000100|01100100011101110|10001110|0011111111|110100000  0x01846477471FFA0
BX = 011 Event : 52
0x00 0000011|0000000|01010101001100110|00110100|0011101111|000110001  0x018055331A1DE31
0x01 0000011|0000001|01001001110001110|11001111|0001001010|111011011  0x018149C767895DB
0x02 0000011|0000010|01000011001111010|00011101|1111000011|000010111  0x0182433D0EF8617
0x03 0000011|0000011|01000011010001100|00011101|1111000100|000010111  0x018343460EF8817
0x04 0000011|0000100|01000001100000110|00100011|1110110001|000011111  0x0184418311F621F
0x05 0000011|0000101|01101001100101000|00101011|0100101101|000100011  0x0185699415A5A23
0x06 0000011|0000110|01101001111001000|00101011|0100110001|000100100  0x018669E415A6224
0x07 0000011|0000111|01100100110010010|00010010|0011000011|000011000  0x018764C90918618
0x08 0000011|0001000|01000100111100100|01011011|1100111101|001010010  0x018844F22DE7A52
BX = 100 Event : 53
0x00 0000011|0000000|01000000101011010|00100001|1111001110|000100111  0x018040AD10F9C27
0x01 0000011|0000001|01000001011001010|00010111|1111011001|000010100  0x018141650BFB214
0x02 0000011|0000010|01000111110110100|01111001|0000100100|001101100  0x018247DA3C8486C
0x03 0000011|0000011|01001001101010000|01110010|0001000001|001011100  0x018349A8390825C
0x04 0000011|0000100|01011110010100010|00000000|0011111101|111111101  0x01845E51001FBFD
0x05 0000011|0000101|01011110010010010|00000000|0011111101|111111101  0x01855E49001FBFD
0x06 0000011|0000110|01010001011100010|00100011|0010000011|000101001  0x018651711190629
0x07 0000011|0000111|01010110111101000|00011011|0010110001|000011100  0x018756F40D9621C
0x08 0000011|0001000|01100101111110110|00011110|0101010001|000011111  0x018865FB0F2A21F
0x09 0000011|0001001|01001110011010000|00011111|0001010101|000100001  0x01894E680F8AA21
0x0a 0000011|0001010|01011011101000110|00100000|0011100011|000100010  0x018A5BA3101C622
0x0b 0000011|0001011|01010111110011110|00011010|0010111110|000011010  0x018B57CF0D17C1A
0x0c 0000011|0001100|01100111001111100|00011101|0101100011|000011101  0x018C673E0EAC61D
0x0d 0000011|0001101|01001111000001000|00011110|0001011110|000100000  0x018D4F040F0BC20
0x0e 0000011|0001110|01011100100111000|00011111|0011110010|000100000  0x018E5C9C0F9E420
0x0f 0000011|0001111|01010010100111100|00011010|0010010101|000010111  0x018F529E0D12A17
0x10 0000011|0010000|01100000001111110|00011010|0100101000|000010111  0x0190603F0D25017
0x11 0000011|0010001|01011000011001010|00000100|0010100011|000000101  0x019158650214605
0x12 0000011|0010011|01011100001011010|00001010|0010000111|000001101  0x01935C2D0510E0D
BX = 101 Event : 54
0x00 0000011|0000000|01010011011100100|10111110|0011000100|111001111  0x018053725F189CF
0x01 0000011|0000001|01100000100100000|00101001|0101000101|000100110  0x0181609014A8A26
0x02 0000011|0000010|01100001101010010|00101100|0101010000|000101001  0x018261A9162A029
0x03 0000011|0000011|01100000111100110|00101100|0101001001|000101010  0x018360F3162922A
0x04 0000011|0000100|01100000000101100|00100110|0100111110|000011111  0x018460161327C1F
0x05 0000011|0000101|01100001001001110|00101000|0101001001|000100010  0x018561271429222
0x06 0000011|0000110|01100000011100000|00101001|0101000001|000100011  0x0186607014A8223
0x07 0000011|0000111|01011010110100000|10011110|0100010101|110100100  0x01875AD04F22BA4
0x08 0000011|0001000|01010101110110100|10110000|0011011111|110111011  0x018855DA581BFBB
0x09 0000011|0001011|01001110001110010|11010100|1110011111|111001110  0x018B4E396A73FCE
0x0a 0000011|0001100|01011101100000110|00001010|0001010111|000000000  0x018C5D83050AE00
0x0b 0000011|0001101|01011010101011110|00001011|0000111000|000000001  0x018D5AAF0587001
0x0c 0000011|0001110|01011100001101000|00001011|0001001001|000000001  0x018E5C340589201
0x0d 0000011|0001111|01011011000110100|00001011|0000111101|000000001  0x018F5B1A0587A01
0x0e 0000011|0010000|01011011111111100|00001111|0001000111|000000110  0x01905BFE0788E06
0x0f 0000011|0010001|01011001110101110|00001010|0000011110|111111110  0x019159D70503DFE
0x10 0000011|0010010|01010111000001000|00001010|0000000000|111111111  0x0192570405001FF
0x11 0000011|0010011|01011000100010000|00001010|0000010000|111111111  0x0193588805021FF
0x12 0000011|0010100|01010111011011100|00001011|0000000100|000000000  0x0194576E0580800
0x13 0000011|0010101|01011000010100110|00001110|0000001110|000000101  0x019558530701C05
BX = 110 Event : 55
0x00 0000011|0000001|01000110001101000|11111010|1101100000|000000111  0x018146347D6C007
0x01 0000011|0000010|01000101101110010|11111010|1101011001|000000111  0x018245B97D6B207
0x02 0000011|0000011|01001100111001000|10011011|1110111001|110101111  0x01834CE44DF73AF
0x03 0000011|0000100|01001101010001110|10011011|1110111101|110101111  0x01844D474DF7BAF
0x04 0000011|0000101|01001010101010100|10100111|1110100000|111000000  0x01854AAA53F41C0
0x05 0000011|0000110|01101111110110110|00111100|0100001001|000101001  0x01866FDB1E21229
0x06 0000011|0000111|01110110010010000|01010111|0101001110|001001110  0x018776482BA9C4E
BX = 111 Event : 56
0x00 0000011|0000000|01000000101011010|01100011|1100010000|001011101  0x018040AD31E205D
0x01 0000011|0000001|01011111100111000|11100001|0001110010|111011001  0x01815F9C708E5D9
0x02 0000011|0000010|01100001100110000|11100001|0010000111|111011010  0x018261987090FDA
BX = 000 Event : 57
0x00 0000011|0000000|01010000001100010|01001001|0010010000|001000100  0x018050312492044
0x01 0000011|0000010|01000101100110000|01001100|1111100001|001001100  0x01824598267C24C
0x02 0000011|0000100|01001001110001100|00010101|0000000101|000001100  0x018449C60A80A0C
0x03 0000011|0000101|01100111101101000|11010011|0100111111|111010000  0x018567B469A7FD0
0x04 0000011|0000110|01101001101111000|11010100|0101010101|111010001  0x018669BC6A2ABD1
0x05 0000011|0000111|01000111010101000|11011100|1110011010|111101001  0x018747546E735E9
0x06 0000011|0001000|01001111100111000|11100011|1111001101|111101111  0x01884F9C71F9BEF
0x07 0000011|0001001|01010001100100000|11100100|1111100010|111110001  0x01895190727C5F1
0x08 0000011|0001010|01011000000011110|11010100|0001010000|111010001  0x018A580F6A0A1D1
0x09 0000011|0001011|01011010000011110|11010101|0001100101|111010010  0x018B5A0F6A8CBD2
0x0a 0000011|0001100|01010101011100000|11010000|0000100111|111001010  0x018C55706804FCA
0x0b 0000011|0001101|01010111011011100|11010001|0000111101|111001011  0x018D576E6887BCB
0x0c 0000011|0001110|01100001111110010|00100100|0010111111|000101001  0x018E61F91217E29
0x0d 0000011|0001111|01001111111110110|11010011|1111111011|111011100  0x018F4FFB69FF7DC
0x0e 0000011|0010000|01010100111000010|11011100|0000110011|111101001  0x019054E16E067E9
0x0f 0000011|0010001|01100001010101110|11011001|0010001100|111100001  0x019161576C919E1
0x10 0000011|0010010|01110010001011010|11010101|0101011101|111010001  0x0192722D6AABBD1
0x11 0000011|0010011|01101110010001110|11100100|0100110011|111100101  0x01936E4772267E5
0x12 0000011|0010100|01101001011010100|01100001|0011000111|001001110  0x0194696A3098E4E
BX = 001 Event : 58
0x00 0000011|0000110|01001110010000100|11111001|0000010101|000000000  0x01864E427C82A00
BX = 010 Event : 59
0x00 0000011|0000000|01001011000001000|11010111|0001100000|111011010  0x01804B046B8C1DA
0x01 0000011|0000001|01001100000111100|11100001|0001101011|111101000  0x01814C1E708D7E8
0x02 0000011|0000010|01010110101001000|11100100|0011011100|111101011  0x018256A4721B9EB
0x03 0000011|0000100|01001100100001100|00100000|0000000100|000011010  0x01844C86100081A
0x04 0000011|0000101|01001111000100100|00110001|0000011111|000110000  0x01854F121883E30
0x05 0000011|0000110|01000010110111100|00101000|1101100110|000100000  0x018642DE146CC20
0x06 0000011|0001001|01011000111100110|00010111|0000011001|000011010  0x018958F30B8321A
0x07 0000011|0001010|01010111011100100|00001010|0000000100|000000011  0x018A57720500803
0x08 0000011|0001011|01001010101111010|00011100|1101111001|000011011  0x018B4ABD0E6F21B
0x09 0000011|0001100|01010010011100010|00101100|1111001101|000110001  0x018C52711679A31
0x0a 0000011|0010000|01110001101010000|00000001|0100100110|000000100  0x019071A800A4C04
0x0b 0000011|0010001|01110111010110100|00010100|0101100010|000011101  0x0191775A0A2C41D
0x0c 0000011|0010010|01110000100000000|11110010|0100010110|111101001  0x019270807922DE9
0x0d 0000011|0010011|01110101111010100|00000011|0101001111|000000000  0x019375EA01A9E00
0x0e 0000011|0010100|01110001101000100|00100000|0100100010|000100110  0x019471A21024426
0x0f 0000011|0010101|01110000111001100|00010011|0100010111|000010000  0x019570E609A2E10
BX = 011 Event : 60
0x00 0000011|0000000|01010101000110100|11110100|0011010111|111110111  0x0180551A7A1AFF7
0x01 0000011|0000100|01000101100100000|11111110|1110111101|111110000  0x018445907F77BF0
0x02 0000011|0000110|01100111001110000|00111010|0101000001|000111101  0x018667381D2823D
0x03 0000011|0001001|01000110000111010|11110111|1110000011|000000101  0x0189461D7BF0605
0x04 0000011|0001011|01010111001000010|00110100|0000111001|000110010  0x018B57211A07232
0x05 0000011|0001100|01101010110101000|00100011|0100001100|000011011  0x018C6AD411A181B
0x06 0000011|0010001|01110100001001110|11000100|0101010110|111000001  0x01917427622ADC1
0x07 0000011|0010010|01110001110111100|00011011|0101010110|000010000  0x019271DE0DAAC10
0x08 0000011|0010011|01110000011110110|00011101|0101001000|000010011  0x0193707B0EA9013
0x09 0000011|0010100|01110000011110110|00011110|0101001000|000010100  0x0194707B0F29014
0x0a 0000011|0010101|01100100100100110|10001000|0010100110|110100001  0x019564934414DA1
BX = 100 Event : 61
0x00 0000011|0000000|01011000001110000|00010101|0011111110|000011010  0x018058380A9FC1A
0x01 0000011|0000001|01001111100001110|00010010|0001111010|000010101  0x01814F87090F415
0x02 0000011|0000011|01011101011110000|00100010|0100001111|000101011  0x01835D781121E2B
0x03 0000011|0000100|01000011001010110|00010110|1110111011|000011100  0x0184432B0B7761C
0x04 0000011|0000101|01000100010000010|00000010|1111001011|111110101  0x0185444101797F5
0x05 0000011|0000111|01010001110000110|00010001|0001011111|000001010  0x018751C3088BE0A
0x06 0000011|0001000|01010100000011000|11111110|1111110010|111110001  0x0188540C7F7E5F1
0x07 0000011|0001001|01011111100110110|00110010|0010101000|000110100  0x01895F9B1915034
0x08 0000011|0001010|01010011001110110|00110101|0000100010|000111001  0x018A533B1A84439
BX = 101 Event : 62
0x00 0000011|0000000|01010001110011110|00011001|0010111100|000011100  0x018051CF0C9781C
0x01 0000011|0000001|01001101100100110|00001010|0001111011|000000000  0x01814D93050F600
0x02 0000011|0000111|01011011010100000|11101001|0001000101|111101111  0x01875B507488BEF
0x03 0000011|0001000|01011100111001110|11101010|0001010110|111110000  0x01885CE7750ADF0
0x04 0000011|0001001|01011010010011100|11101001|0000110110|111101111  0x01895A4E7486DEF
0x05 0000011|0001010|01011011100100010|11101010|0001000011|111110000  0x018A5B9175087F0
0x06 0000011|0001011|01011010110000010|00110010|0001000001|000101010  0x018B5AC1190822A
BX = 110 Event : 63
0x00 0000011|0000000|01000000111010000|01111101|1111010111|001110011  0x018040E83EFAE73
0x01 0000011|0000001|01000001000100010|01111110|1111011001|001110100  0x018141113F7B274
0x02 0000011|0000011|01100010001011100|01100010|0101000011|001001110  0x0183622E312864E
0x03 0000011|0000100|01010010010010000|01010011|0001000100|001001110  0x01845248298884E
0x04 0000011|0000101|01001111010101000|01010011|0000100010|001001110  0x01854F54298444E
0x05 0000011|0000110|01001101110001100|11011110|0000110000|111101110  0x01864DC66F061EE
0x06 0000011|0000111|01000101110101100|01010011|1110000101|001001101  0x018745D629F0A4D
0x07 0000011|0001000|01000101110110110|01010011|1110000101|001001101  0x018845DB29F0A4D
0x08 0000011|0001100|01000111111011000|10110011|1101101100|110110101  0x018C47EC59ED9B5
0x09 0000011|0001101|01000111110001100|10110100|1101101010|110110101  0x018D47C65A6D5B5
0x0a 0000011|0001110|01101011101100100|11110100|0011110010|111111010  0x018E6BB27A1E5FA
BX = 111 Event : 64
0x00 0000011|0000001|01011100000000010|00001010|0100000001|000000011  0x01815C010520203
0x01 0000011|0000010|01010110010101100|00001001|0010101010|000000001  0x018256560495401
0x02 0000011|0000100|01011011001111100|01110011|0000110101|001011010  0x01845B3E3986A5A
BX = 000 Event : 65
0x00 0000011|0000000|01000111001100000|01000011|0000000101|000111001  0x018047302180A39
0x01 0000011|0000001|01000101001011110|01001010|1111101110|001000100  0x0181452F257DC44
0x02 0000011|0000111|01001000100010100|11010110|1110110010|111010000  0x0187488A6B765D0
0x03 0000011|0001000|01010000000000110|11110100|0000000011|111111001  0x018850037A007F9
0x04 0000011|0001001|01110000010000000|11101000|0101011011|111101001  0x01897040742B7E9
0x05 0000011|0001010|01000011110100100|11011111|1101101001|111100011  0x018A43D26FED3E3
0x06 0000011|0001011|01101011010011110|11110101|0100010110|000000001  0x018B6B4F7AA2C01
BX = 001 Event : 66
0x00 0000011|0000011|01010111010010010|11001001|0010001101|111000100  0x018357496491BC4
0x01 0000011|0000100|01011100101100100|11100010|0011000111|111100111  0x01845CB27118FE7
0x02 0000011|0000101|01011101000110010|11011101|0011001101|111011110  0x01855D196E99BDE
0x03 0000011|0000110|01000100000100100|10100000|1110111010|110101101  0x0186441250775AD
0x04 0000011|0000111|01101001001100100|11011000|0101001101|111011010  0x018769326C29BDA
0x05 0000011|0001000|01101001100100110|11010100|0101010011|111010001  0x018869936A2A7D1
0x06 0000011|0001010|01011111000110000|10010111|0011100000|110101001  0x018A5F184B9C1A9
0x07 0000011|0001011|01011111011011010|10001001|0011100101|110001110  0x018B5F6D449CB8E
0x08 0000011|0001100|01001100100001000|11011110|1111010010|111011111  0x018C4C846F7A5DF
0x09 0000011|0001101|01001001101110000|11011010|1110100111|111011000  0x018D49B86D74FD8
0x0a 0000011|0001111|01010001011010000|11100100|1111100000|111110001  0x018F5168727C1F1
0x0b 0000011|0010000|01011001111001110|11010101|0001100100|111010010  0x019059E76A8C9D2
0x0c 0000011|0010001|01010111010001100|11010001|0000111011|111001011  0x0191574668877CB
0x0d 0000011|0010011|01010001110001110|11011101|0000010111|111101111  0x019351C76E82FEF
0x0e 0000011|0010101|01000011110010010|11011100|1100101111|111101001  0x019543C96E65FE9
0x0f 0000011|0010110|01011000101010010|11001011|0000011011|111010001  0x019658A965837D1
0x10 0000011|0010111|01100001010101110|11011001|0010001100|111100001  0x019761576C919E1
0x11 0000011|0011000|01101110010001110|11100100|0100110011|111100101  0x01986E4772267E5
0x12 0000011|0011001|01101110101110110|00011101|0101000111|000100000  0x01996EBB0EA8E20
BX = 010 Event : 67
0x00 0000011|0000000|01000000000000100|10011110|1111111011|110011101  0x018040024F7F79D
0x01 0000011|0000001|01011100100000110|01100101|0011110011|001001111  0x01815C83329E64F
0x02 0000011|0000011|01011101010001100|01100000|0011111111|001000110  0x01835D46301FE46
0x03 0000011|0000101|01010101001100000|01111001|0010010111|001100101  0x018555303C92E65
0x04 0000011|0000110|01000000101100000|11000001|1110011000|111010101  0x018640B060F31D5
0x05 0000011|0001001|01010000000101100|10010100|0001000001|110010110  0x018950164A08396
0x06 0000011|0001011|01011010010011110|00101111|0001110110|000100111  0x018B5A4F178EC27
0x07 0000011|0001100|01011011010011010|01001111|0010011000|001000110  0x018C5B4D2793046
0x08 0000011|0001101|01011011010110100|01001111|0010011001|001000110  0x018D5B5A2793246
0x09 0000011|0010100|01001010000001100|00101011|1110100100|000110000  0x01944A0615F4830
0x0a 0000011|0010101|01010100101000000|00010000|0000101011|000001111  0x019554A0080560F
0x0b 0000011|0010110|01011100110010000|00010101|0010000010|000010101  0x01965CC80A90415
0x0c 0000011|0010111|01011100001101010|00101001|0001111100|000110001  0x01975C35148F831
0x0d 0000011|0011000|01010000011110100|00001010|1111101010|000000011  0x0198507A057D403
0x0e 0000011|0011001|01011000110101000|00001111|0001000101|000001010  0x019958D40788A0A
0x0f 0000011|0011010|01011000000000010|00100100|0000111100|000100111  0x019A58011207827
0x10 0000011|0011011|01110001101110100|11100010|0100110110|111011110  0x019B71BA7126DDE
0x11 0000011|0011100|01100000101111100|00110110|0001110100|000110110  0x019C60BE1B0E836
BX = 011 Event : 68
0x00 0000011|0000000|01000100010011100|11011001|1111111000|111011110  0x0180444E6CFF1DE
0x01 0000011|0000001|01001011001000010|11010111|0001100001|111011010  0x01814B216B8C3DA
0x02 0000011|0000010|01001101000111000|11011100|0001110111|111100001  0x01824D1C6E0EFE1
0x03 0000011|0000011|01001100001110100|11100001|0001101101|111101000  0x01834C3A708DBE8
0x04 0000011|0000100|01001010111000000|11010011|0001011101|111010011  0x01844AE0698BBD3
0x05 0000011|0000101|01001100110110110|11011000|0001110011|111011010  0x01854CDB6C0E7DA
0x06 0000011|0000110|01001011111110000|11011101|0001101001|111100001  0x01864BF86E8D3E1
0x07 0000011|0000111|01010110110000000|11100100|0011011110|111101011  0x018756C0721BDEB
0x08 0000011|0001000|01010110011111110|11100000|0011011010|111100100  0x0188567F701B5E4
0x09 0000011|0001010|01000010101100000|10100010|1110101110|110100011  0x018A42B05175DA3
0x0a 0000011|0001100|01110100011000000|11110001|0100110110|111111010  0x018C746078A6DFA
BX = 100 Event : 69
0x00 0000011|0000000|01011001011110110|01000001|0100100011|000110101  0x0180597B20A4635
0x01 0000011|0000001|01010000011011100|01110010|0010010001|001101100  0x0181506E391226C
0x02 0000011|0000101|01000011011110100|00011110|1110101011|000100101  0x0185437A0F75625
0x03 0000011|0000110|01000011101111000|00000111|1110101111|111111001  0x018643BC03F5FF9
0x04 0000011|0000111|01010100000101110|00011011|0001011111|000010100  0x018754170D8BE14
0x05 0000011|0001010|01000111001110000|10111001|1101100100|110110110  0x018A47385CEC9B6
BX = 101 Event : 70
0x00 0000011|0000001|01010001000000100|10110011|0010110011|111000100  0x0181510259967C4
0x01 0000011|0000010|01010010011010100|10111001|0010000110|111001100  0x0182526A5C90DCC
0x02 0000011|0000011|01010001111010000|11100000|0001011110|111100111  0x018351E8700BDE7
BX = 110 Event : 71
0x00 0000011|0000010|01001011101000110|10100010|1111011010|110111001  0x01824BA3517B5B9
0x01 0000011|0000011|01010111100001000|11100111|0010110101|111110110  0x018357847396BF6
0x02 0000011|0000111|01011011101000110|00001110|0001000000|000010011  0x01875BA30708013
0x03 0000011|0001000|01011011011001110|00001110|0000111100|000010010  0x01885B670707812
0x04 0000011|0001001|01101011010000110|00010111|0011101001|000011110  0x01896B430B9D21E
0x05 0000011|0001010|01101010111100100|00010110|0011100101|000011110  0x018A6AF20B1CA1E
0x06 0000011|0001011|01101000110111000|01000010|0011010011|000111100  0x018B68DC211A63C
BX = 111 Event : 72
0x00 0000011|0010011|01000101110101100|01010011|1110000101|001001101  0x019345D629F0A4D
0x01 0000011|0010100|01000101111101010|01010011|1110000110|001001101  0x019445F529F0C4D
0x02 0000011|0011010|01001001010110110|11011000|1110011010|111010000  0x019A495B6C735D0
0x03 0000011|0011011|01001011101010110|11111001|1110110011|111111100  0x019B4BAB7CF67FC
0x04 0000011|0011100|01001101111010110|11111111|1111001011|000000100  0x019C4DEB7FF9604
BX = 000 Event : 73
0x00 0000011|0000100|01101010010100010|10100101|0100001010|110111010  0x01846A5152A15BA
BX = 001 Event : 74
0x00 0000011|0000000|01010101100101000|11100011|0010100000|111101110  0x0180559471941EE
0x01 0000011|0000001|01011000010101000|11110010|0011001100|111111110  0x0181585479199FE
0x02 0000011|0000010|01100000000101010|01000000|0100101100|000110011  0x018260152025833
0x03 0000011|0000110|01100111110011100|01011000|0100101010|001011001  0x018667CE2C25459
BX = 010 Event : 75
0x00 0000011|0000000|01001011000000000|00010101|0000110001|000001101  0x01804B000A8620D
0x01 0000011|0000001|01000100100011010|00101000|1111101011|000100111  0x0181448D147D627
0x02 0000011|0000010|01011001000011110|00001101|0100000101|111111111  0x0182590F06A0BFF
0x03 0000011|0000011|01010010000000000|00100000|0010111010|000011000  0x018352001017418
0x04 0000011|0000100|01000010111010000|01001101|1111110010|001000010  0x018442E826FE442
0x05 0000011|0000101|01000100000100000|01001100|0000000100|001000000  0x018544102600840
0x06 0000011|0000110|01011110110000000|00111010|0100000111|000111111  0x01865EC01D20E3F
0x07 0000011|0000111|01001011010001110|00011000|1111010101|000100011  0x01874B470C7AA23
0x08 0000011|0001000|01100111110110010|11100111|0100001011|111101011  0x018867D973A17EB
0x09 0000011|0001001|01011010100010010|00000000|0001111011|000000010  0x01895A89000F602
0x0a 0000011|0001101|01000011110101110|00111000|1101101111|000111101  0x018D43D71C6DE3D
0x0b 0000011|0001110|01000010001011010|00111000|1101010110|000111101  0x018E422D1C6AC3D
0x0c 0000011|0001111|01001110001100110|01011011|1111101011|001001000  0x018F4E332DFD648
0x0d 0000011|0010000|01001110000011110|01011100|1111101001|001001010  0x01904E0F2E7D24A
0x0e 0000011|0010010|01001001111010010|11000111|1110010101|111011000  0x019249E963F2BD8
0x0f 0000011|0010011|01101100001111000|00011000|0100100101|000010001  0x01936C3C0C24A11
0x10 0000011|0010100|01101010100101010|00011000|0100001100|000010001  0x01946A950C21811
BX = 011 Event : 76
0x00 0000011|0000011|01000111000101000|11010110|1111011010|111001110  0x018347146B7B5CE
0x01 0000011|0000100|01100010110101110|00100001|0100010011|000011101  0x018462D710A261D
0x02 0000011|0000101|01000110001101000|11111010|1101100000|000000111  0x018546347D6C007
0x03 0000011|0000110|01001101100010010|11101111|1111010001|111110010  0x01864D8977FA3F2
0x04 0000011|0000111|01101111001100000|11111000|0100000110|111110000  0x01876F307C20DF0
0x05 0000011|0001000|01101111110110110|00111100|0100001001|000101001  0x01886FDB1E21229
0x06 0000011|0001001|01110110010010000|01010111|0101001110|001001110  0x018976482BA9C4E
BX = 100 Event : 77
0x00 0000011|0000000|01000000011001010|11100110|1100011011|111101110  0x0180406573637EE
0x01 0000011|0000001|01001101001010000|11100011|1111011100|111101000  0x01814D2871FB9E8
0x02 0000011|0000011|01101100111110110|11011110|0100110101|111100001  0x01836CFB6F26BE1
0x03 0000011|0000100|01101100110111000|11011110|0100110011|111100010  0x01846CDC6F267E2
BX = 101 Event : 78
0x00 0000011|0000000|01000100011100100|11101010|0000011001|111110011  0x0180447275033F3
0x01 0000011|0000100|01001111010110100|00000101|0000001000|000001100  0x01844F5A028100C
0x02 0000011|0000101|01010110110011010|11111010|0001111011|111110111  0x018556CD7D0F7F7
0x03 0000011|0000110|01100011110010000|11110000|0100000111|111101010  0x018663C87820FEA
0x04 0000011|0000111|01100011100111010|01000011|0100010000|001000110  0x0187639D21A2046
BX = 110 Event : 79
0x00 0000011|0000011|01000111001110010|11010000|0001000001|111011101  0x0183473968083DD
0x01 0000011|0000100|01000001101010000|11001100|1111101001|111010101  0x018441A8667D3D5
0x02 0000011|0001011|01101101010111110|00110001|0101001000|000110001  0x018B6D5F18A9031
0x03 0000011|0001100|01101110000000000|00110000|0101001111|000101111  0x018C6E001829E2F
0x04 0000011|0001101|01101101101111010|00110000|0101001100|000110000  0x018D6DBD1829830
0x05 0000011|0001110|01100111110010110|00100111|0011110101|000011111  0x018E67CB139EA1F
0x06 0000011|0001111|01100110111101010|00100010|0011101100|000011000  0x018F66F5111D818
0x07 0000011|0010000|01100110101000110|00100011|0011101000|000011000  0x019066A3119D018
BX = 111 Event : 80
0x00 0000011|0000011|01000011011011100|11100111|1110111001|111110100  0x0183436E73F73F4
0x01 0000011|0001100|01001111000100010|00010010|1110110111|000011100  0x018C4F110976E1C
0x02 0000011|0001101|01001101011010110|00010001|1110011110|000011001  0x018D4D6B08F3C19
0x03 0000011|0001110|01011111110000110|00011110|0001111001|000011011  0x018E5FC30F0F21B
0x04 0000011|0001111|01011100111010010|00101111|0001011010|000110001  0x018F5CE9178B431
0x05 0000011|0010000|01100011110111010|00100010|0010100101|000100001  0x019063DD1114A21
0x06 0000011|0010001|01011011110111110|00011000|0000111101|000010000  0x01915BDF0C07A10
0x07 0000011|0010010|01011001010011100|00101001|0000100010|000100110  0x0192594E1484426
0x08 0000011|0010011|01011110100110010|00011011|0001011011|000010100  0x01935E990D8B614
BX = 000 Event : 81
0x00 0000011|0000000|01000000101101000|00101001|1111100110|000101001  0x018040B414FCC29
0x01 0000011|0000010|01011101110101100|11100100|0011011100|111101111  0x01825DD6721B9EF
0x02 0000011|0000011|01010100011100010|11011110|0001001100|111100100  0x018354716F099E4
0x03 0000011|0000100|01000000110011010|11011010|1100011101|111011010  0x018440CD6D63BDA
0x04 0000011|0000101|01001110010000010|11001010|1110101110|111000101  0x01854E416575DC5
BX = 001 Event : 82
0x00 0000011|0000000|01000010100111110|11111011|1111000101|000000110  0x0180429F7DF8A06
0x01 0000011|0000001|01010100110001100|10101110|0011011110|110110111  0x018154C6571BDB7
0x02 0000011|0000010|01000111010010100|10100100|0000000100|110100100  0x0182474A52009A4
0x03 0000011|0000011|01010111100111110|11010101|0010101001|111010100  0x0183579F6A953D4
0x04 0000011|0000100|01000001110101000|11110010|1110111000|111110101  0x018441D479771F5
0x05 0000011|0000101|01010000100011010|00000101|0000011010|000000101  0x0185508D0283405
0x06 0000011|0001001|01001101000110100|10011111|1110010110|110011111  0x01894D1A4FF2D9F
0x07 0000011|0001010|01100110111110000|00011000|0010100101|000010110  0x018A66F80C14A16
BX = 010 Event : 83
0x00 0000011|0000010|01010111000001100|10001010|0010111101|110010000  0x018257064517B90
0x01 0000011|0000110|01100100011000010|00000111|0011101110|000001110  0x01866461039DC0E
0x02 0000011|0000111|01101000110010010|00001011|0100011101|000010100  0x018768C905A3A14
0x03 0000011|0001000|01001111101110000|00011001|1110111011|000010000  0x01884FB80CF7610
0x04 0000011|0001001|01001010000111110|00110100|1101111111|000110011  0x01894A1F1A6FE33
0x05 0000011|0001010|01001110001000000|00110101|1110101010|000110101  0x018A4E201AF5435
0x06 0000011|0001011|01011010001111110|00111111|0000101100|000101011  0x018B5A3F1F8582B
0x07 0000011|0001100|01011100001000110|00111101|0001000010|000101000  0x018C5C231E88428
0x08 0000011|0001110|01101000111100010|00010100|0011100111|000011011  0x018E68F10A1CE1B
BX = 011 Event : 84
0x00 0000011|0000000|01000001100100000|00100110|1101111001|000011111  0x01804190136F21F
0x01 0000011|0000001|01001111010101000|00111100|0000001101|000111101  0x01814F541E01A3D
0x02 0000011|0000010|01100000111000010|00011111|0011101011|000100110  0x018260E10F9D626
BX = 100 Event : 85
0x00 0000011|0000101|01000100111011100|01011010|1110010011|001001001  0x018544EE2D72649
0x01 0000011|0000110|01000100111101110|01011010|1110010100|001001001  0x018644F72D72849
0x02 0000011|0001001|01100000110000100|10100010|0001110001|110101111  0x018960C2510E3AF
BX = 101 Event : 86
0x00 0000011|0000000|01001100000110110|00001000|0001100111|000000000  0x01804C1B040CE00
0x01 0000011|0000001|01011111000100100|00010000|0100110100|000001100  0x01815F12082680C
0x02 0000011|0000101|01100001000010100|00011100|0010110111|000011111  0x0185610A0E16E1F
BX = 110 Event : 87
0x00 0000011|0000000|01010110010111110|00110101|0001100101|000110111  0x0180565F1A8CA37
0x01 0000011|0000001|01011010110000000|00110101|0010101000|000110111  0x01815AC01A95037
0x02 0000011|0000100|01001100001001010|00100001|1111001010|000010000  0x01844C2510F9410
0x03 0000011|0000110|01001100111101000|11110110|1110111001|111110001  0x01864CF47B773F1
0x04 0000011|0000111|01100010000101110|00010011|0010011111|000011000  0x018762170993E18
0x05 0000011|0001011|01100101010110000|01110011|0010100001|001110010  0x018B65583994272
BX = 111 Event : 88
0x00 0000011|0000010|01001001011111000|10111001|1111101010|110110111  0x0182497C5CFD5B7
BX = 000 Event : 89
0x00 0000011|0000000|01010100101101100|01011111|0011000100|001011001  0x018054B62F98859
0x01 0000011|0000001|01010010001011110|01100010|0010011011|001011110  0x0181522F311365E
0x02 0000011|0000011|01000110000101000|11101110|1111010111|111111110  0x01834614777AFFE
0x03 0000011|0000100|01000111111100110|11101001|1111110100|111110100  0x018447F374FE9F4
0x04 0000011|0000101|01010111111111100|11110001|0010100001|111111111  0x018557FE78943FF
0x05 0000011|0000110|01001100000110010|00100000|1111101010|000011110  0x01864C19107D41E
0x06 0000011|0000111|01000111110100010|00100111|1110111011|000101000  0x018747D113F7628
0x07 0000011|0001000|01001011111010000|00011000|1111111010|000001011  0x01884BE80C7F40B
0x08 0000011|0001001|01011001110111100|01000100|0010010001|001000110  0x018959DE2212246
0x09 0000011|0001100|01001111010101000|11100101|1111011011|111100110  0x018C4F5472FB7E6
0x0a 0000011|0001101|01001110110100010|11100101|1111010110|111100110  0x018D4ED172FADE6
0x0b 0000011|0001110|01000000011001010|00011000|1100001110|000011011  0x018E40650C61C1B
0x0c 0000011|0001111|01100101100111100|00000111|0011001101|000010100  0x018F659E0399A14
0x0d 0000011|0010000|01011100010110000|11111100|0000111010|111110110  0x01905C587E075F6
0x0e 0000011|0010001|01100000110000110|00010110|0001101010|000011001  0x019160C30B0D419
BX = 001 Event : 90
0x00 0000011|0000000|01010110011100000|01001010|0011100011|001000111  0x01805670251C647
0x01 0000011|0000001|01001001010000100|01000110|0000011011|001000000  0x018149422303640
0x02 0000011|0000100|01100000111101000|10111011|0101100100|111000110  0x018460F45DAC9C6
0x03 0000011|0010001|01110110000110000|11000011|0101100001|111000000  0x0191761861AC3C0
BX = 010 Event : 91
0x00 0000011|0000000|01001011010010100|01001010|0000101100|001001001  0x01804B4A2505849
0x01 0000011|0000001|01011011111101110|01000110|0100101011|001000001  0x01815BF72325641
0x02 0000011|0000011|01001101100001100|11100101|1111111010|111100101  0x01834D8672FF5E5
0x03 0000011|0000100|01001000110001000|01111100|1111011000|001101001  0x018448C43E7B069
0x04 0000011|0000101|01000111000001010|01110111|1110111100|001011111  0x018547053BF785F
0x05 0000011|0000110|01100111111000100|01011011|0101000011|001010000  0x018667E22DA8650
0x06 0000011|0000111|01100111111011000|01011011|0101000011|001010000  0x018767EC2DA8650
0x07 0000011|0001000|01100111110010000|01011010|0101000001|001001111  0x018867C82D2824F
0x08 0000011|0001001|01100111110110100|01011010|0101000010|001001111  0x018967DA2D2844F
BX = 011 Event : 92
0x00 0000011|0000010|01000101101110000|11100011|0000101010|111011111  0x018245B871855DF
0x01 0000011|0000011|01001000110010010|00101101|0000100101|000110001  0x018348C91684A31
0x02 0000011|0000100|01000110110000010|00110010|0000001111|000110111  0x018446C11901E37
0x03 0000011|0000101|01010101001101000|11101011|0010010001|111100000  0x0185553475923E0
0x04 0000011|0000110|01001011001011000|11111011|0000100100|111110101  0x01864B2C7D849F5
0x05 0000011|0000111|01011001111010000|11111011|0011000011|111110110  0x018759E87D987F6
0x06 0000011|0001010|01010011010100010|11111010|0001110100|111111100  0x018A53517D0E9FC
0x07 0000011|0001011|01001001011001010|00001001|0000001001|000010000  0x018B49650481210
0x08 0000011|0001100|01011000001000010|00001001|0010101000|000010000  0x018C58210495010
0x09 0000011|0001101|01001010100110110|11101100|1111110000|111100001  0x018D4A9B767E1E1
0x0a 0000011|0001110|01001111111011010|11111011|0000101001|111110110  0x018E4FED7D853F6
BX = 100 Event : 93
0x00 0000011|0000110|01011010110110110|01011101|0010101101|001010100  0x01865ADB2E95A54
0x01 0000011|0001000|01100001110011010|11000001|0100011101|111001011  0x018861CD60A3BCB
0x02 0000011|0001010|01100101101100100|10101000|0101000010|110110010  0x018A65B254285B2
0x03 0000011|0001011|01100101110110010|10101001|0101000101|110110010  0x018B65D954A8BB2
0x04 0000011|0001100|01000001111110000|00111010|1101010111|000111101  0x018C41F81D6AE3D
0x05 0000011|0001101|01010000111101100|11010100|0000000100|111010110  0x018D50F66A009D6
0x06 0000011|0001110|01101010000101100|11010000|0100010001|111010001  0x018E6A1668223D1
0x07 0000011|0001111|01010000011111110|10100101|1111111011|110101010  0x018F507F52FF7AA
BX = 101 Event : 94
0x00 0000011|0000010|01010000010101000|00000001|0000100000|000000101  0x018250540084005
0x01 0000011|0000011|01001001100001110|00110010|1111110000|000110010  0x01834987197E032
0x02 0000011|0000100|01001001100001110|00110010|1111110000|000110010  0x01844987197E032
0x03 0000011|0000101|01000111010000100|00000101|1110011101|111111011  0x0185474202F3BFB
0x04 0000011|0001000|01010010101111100|00001101|1111100101|000001001  0x018852BE06FCA09
0x05 0000011|0001001|01011110001011000|00000111|0010010110|111111110  0x01895E2C0392DFE
0x06 0000011|0001010|01010100011111100|00100101|0000101101|000100110  0x018A547E1285A26
0x07 0000011|0001011|01101001110010110|00011001|0100010011|000010111  0x018B69CB0CA2617
0x08 0000011|0001100|01011011010101100|00110100|0001000101|000100000  0x018C5B561A08A20
0x09 0000011|0001101|01001111100000100|01010111|1110110010|001000001  0x018D4F822BF6441
BX = 110 Event : 95
0x00 0000011|0000001|01100110011000100|11111110|0101000110|111110101  0x018166627F28DF5
0x01 0000011|0000010|01000001011110000|10111100|1110100100|111000100  0x018241785E749C4
BX = 111 Event : 96
0x00 0000011|0000010|01101101010111110|00110001|0101001000|000110001  0x01826D5F18A9031
0x01 0000011|0000011|01101110000000000|00110000|0101001111|000101111  0x01836E001829E2F
0x02 0000011|0000100|01101101101111010|00110000|0101001100|000110000  0x01846DBD1829830
0x03 0000011|0000101|01000001011101000|11011111|1101011110|111011000  0x018541746FEBDD8
0x04 0000011|0000110|01000001100011110|11100000|1101100000|111011000  0x0186418F706C1D8
0x05 0000011|0000111|01011111110001000|00101011|0001111100|000100101  0x01875FC4158F825
0x06 0000011|0001000|01011101010011000|00101000|0001100001|000100001  0x01885D4C140C221
0x07 0000011|0001001|01100111110010110|00100111|0011110101|000011111  0x018967CB139EA1F
0x08 0000011|0001010|01100110111101010|00100010|0011101100|000011000  0x018A66F5111D818
0x09 0000011|0001011|01100110101000110|00100011|0011101000|000011000  0x018B66A3119D018
0x0a 0000011|0001100|01011010101100010|01001011|0001101000|001000000  0x018C5AB1258D040
BX = 000 Event : 97
0x00 0000011|0000000|01010001000011100|11100101|0010011110|111101011  0x0180510E7293DEB
0x01 0000011|0000001|01010010100111110|11101000|0010101111|111101111  0x0181529F7415FEF
0x02 0000011|0000010|01100010111010010|00011111|0100101100|000011100  0x018262E90FA581C
0x03 0000011|0000011|01100010101111000|00011111|0100101010|000011100  0x018362BC0FA541C
0x04 0000011|0000110|01000000011111110|11111010|1110010010|000000000  0x0186407F7D72400
0x05 0000011|0000111|01011000101001010|00101001|0010010010|000101110  0x018758A5149242E
0x06 0000011|0001000|01011001000011000|00101000|0010010111|000101101  0x0188590C1412E2D
0x07 0000011|0001010|01100110101000110|00000001|0100001100|000000111  0x018A66A300A1807
0x08 0000011|0001011|01100110011110110|00000001|0100001010|000000111  0x018B667B00A1407
BX = 001 Event : 98
BX = 010 Event : 99
BX = 011 Event : 100
0x00 0000011|0000101|01011110001011110|11100111|0011011000|111100101  0x01855E2F739B1E5
0x01 0000011|0001000|01011000101011000|00001100|0000111001|000010111  0x018858AC0607217
0x02 0000011|0001001|01011000000100010|11111111|0000110000|111111110  0x018958117F861FE
0x03 0000011|0001010|01011000110010000|00000001|0000111000|000000001  0x018A58C80087001
0x04 0000011|0001011|01011010010011010|11110110|0001010011|111101101  0x018B5A4D7B0A7ED
0x05 0000011|0001100|01011111011100110|00100000|0010001010|000100110  0x018C5F731011426
0x06 0000011|0001101|01011011101010000|11110101|0001100001|111101100  0x018D5BA87A8C3EC
0x07 0000011|0010100|01110010011010010|11011101|0101001100|111011001  0x019472696EA99D9
0x08 0000011|0010101|01110010100011000|11011111|0101001101|111011011  0x0195728C6FA9BDB
0x09 0000011|0010110|01101010111100000|11110001|0011111101|111110011  0x01966AF0789FBF3
